% S&P 500 return data obtained from the CRSP Index File on the S&P 500 via WRDS. Raw monthly
% bond data are averages of 20-year and 30-year T-bond returns obtained from US Treasury 
% and Inflation Indexes via WRDS.

19420131	0.021095	0.006948
19420228	-0.018213	0.001138
19420331	-0.063936	0.009187
19420430	-0.038146	-0.002925
19420529	0.071003	0.007522
19420630	0.023475	0.000294
19420731	0.036096	0.001762
19420831	0.0152	0.003752
19420930	0.032481	0.000329
19421031	0.067372	0.002427
19421130	-0.003489	-0.003506
19421231	0.057095	0.004905
19430130	0.072102	0.003273
19430227	0.058243	-0.000556
19430331	0.058927	0.000926
19430430	0.003567	0.004821
19430529	0.052484	0.00504
19430630	0.021918	0.001832
19430731	-0.052624	-0.00008
19430831	0.016013	0.002069
19430930	0.027532	0.00109
19431030	-0.011481	0.000494
19431130	-0.066517	-0.000058
19431231	0.070094	0.0018
19440131	0.018386	0.002106
19440229	0.006444	0.0032
19440331	0.021052	0.002084
19440429	-0.012279	0.001337
19440531	0.048665	0.002779
19440630	0.054089	0.00078
19440731	-0.019549	0.00363
19440831	0.014436	0.002692
19440930	-0.00066	0.001406
19441031	0.002735	0.001196
19441130	0.017345	0.002367
19441230	0.044711	0.004219
19450131	0.012216	0.012659
19450228	0.069358	0.007666
19450331	-0.042067	0.002052
19450430	0.090489	0.016025
19450531	0.020101	0.005627
19450630	0.00162	0.016879
19450731	-0.021263	-0.008593
19450831	0.059271	0.002589
19450929	0.046081	0.005423
19451031	0.03007	0.010428
19451130	0.04488	0.012545
19451231	0.010179	0.019429
19460131	0.071129	0.002523
19460228	-0.065373	0.003182
19460330	0.047706	0.001014
19460430	0.036035	-0.013537
19460531	0.029694	-0.001237
19460628	-0.035536	0.007003
19460731	-0.027425	-0.003992
19460830	-0.06845	-0.011153
19460930	-0.102551	-0.00094
19461031	-0.004868	0.007378
19461130	-0.002611	-0.005414
19461231	0.047289	0.014475
19470131	0.022015	-0.000628
19470228	-0.008307	0.002101
19470331	-0.015009	0.001981
19470430	-0.039563	-0.003675
19470529	-0.000992	0.003342
19470630	0.053993	0.001018
19470731	0.039573	0.006251
19470829	-0.023077	0.008132
19470930	-0.009929	-0.004354
19471031	0.020577	-0.00374
19471129	-0.017637	-0.017415
19471231	0.030786	-0.019199
19480131	-0.037742	0.002025
19480228	-0.040231	0.004644
19480331	0.081441	0.003421
19480430	0.030818	0.004469
19480528	0.084019	0.01412
19480630	0.007665	-0.008406
19480730	-0.052248	-0.002126
19480831	0.015514	0.000139
19480930	-0.026982	0.001397
19481030	0.069962	0.000743
19481130	-0.098347	0.007578
19481231	0.035954	0.005617
19490131	0.002675	0.008172
19490228	-0.03164	0.004887
19490331	0.033982	0.007448
19490430	-0.018691	0.001148
19490531	-0.029424	0.001946
19490630	0.001744	0.016705
19490729	0.062732	0.003345
19490831	0.021799	0.011111
19490930	0.027414	-0.001145
19491031	0.02978	0.001877
19491130	0.02074	0.002103
19491231	0.050985	0.005189
19500131	0.019703	-0.006128
19500228	0.019604	0.002117
19500331	0.008185	0.000821
19500429	0.045887	0.002998
19500531	0.046901	0.003311
19500630	-0.054224	-0.002504
19500731	0.016981	0.005549
19500831	0.048063	0.001396
19500929	0.059466	-0.007247
19501031	0.005084	-0.004774
19501130	0.02243	0.003503
19501230	0.055425	0.001623
19510131	0.065105	0.005781
19510228	0.014546	-0.007392
19510331	-0.017484	-0.015735
19510430	0.049108	-0.006255
19510531	-0.029979	-0.006915
19510629	-0.025848	-0.006161
19510731	0.070934	0.013836
19510831	0.05022	0.009854
19510928	0.002868	-0.007957
19511031	-0.013321	0.001021
19511130	0.011388	-0.013607
19511231	0.041815	-0.006097
19520131	0.017768	0.002818
19520229	-0.025241	0.001395
19520331	0.052805	0.011072
19520430	-0.041423	0.01707
19520529	0.033698	-0.003354
19520630	0.047832	0.000301
19520731	0.019129	-0.001969
19520829	-0.005674	-0.006995
19520930	-0.018085	-0.013009
19521031	0.00032	0.014773
19521128	0.061382	-0.001545
19521231	0.038215	-0.008587
19530130	-0.006207	0.001177
19530227	-0.00754	-0.008685
19530331	-0.022288	-0.008818
19530430	-0.025308	-0.010516
19530529	0.007401	-0.014752
19530630	-0.014266	0.022258
19530731	0.026314	0.003935
19530831	-0.050101	-0.000755
19530930	0.002187	0.029931
19531030	0.051046	0.007438
19531130	0.023764	-0.004943
19531231	0.001713	0.020608
19540129	0.053486	0.00893
19540226	0.012916	0.023964
19540331	0.03053	0.00583
19540430	0.048358	0.010377
19540528	0.042777	-0.008706
19540630	0.002467	0.016263
19540730	0.058701	0.013443
19540831	-0.025894	-0.003603
19540930	0.0825	-0.000974
19541029	-0.017867	0.000628
19541130	0.095774	-0.002496
19541231	0.054288	0.006414
19550131	0.018076	-0.024116
19550228	0.013526	-0.007836
19550331	-0.002242	0.003803
19550429	0.039843	0.002694
19550531	0.006433	0.008189
19550630	0.0813	-0.005227
19550729	0.057646	-0.008111
19550831	-0.000648	0.001455
19550930	0.011286	0.011917
19551031	-0.030468	0.007499
19551130	0.087825	-0.001599
19551230	-0.000309	0.004898
19560131	-0.035057	0.006267
19560229	0.041397	0.00141
19560329	0.070328	-0.014378
19560430	-0.000637	-0.009933
19560531	-0.058414	0.024215
19560629	0.03891	0.002995
19560731	0.051427	-0.024001
19560831	-0.032788	-0.017714
19560928	-0.044022	0.00305
19561031	0.006619	-0.006992
19561130	-0.001921	-0.007299
19561231	0.036284	-0.021192
19570131	-0.040238	0.039325
19570228	-0.024919	0.001095
19570329	0.023798	-0.001425
19570430	0.046409	-0.025012
19570531	0.038629	-0.002643
19570628	-0.00078	-0.028898
19570731	0.009676	0.004566
19570830	-0.048926	-0.000038
19570930	-0.057914	0.009974
19571031	-0.038641	-0.004189
19571129	0.023551	0.05493
19571231	-0.037522	0.034926
19580131	0.045882	-0.015496
19580228	-0.013963	0.016872
19580331	0.03312	0.009601
19580430	0.033448	0.02206
19580529	0.021308	0.012067
19580630	0.028022	-0.018655
19580731	0.04404	-0.036621
19580829	0.017888	-0.04342
19580930	0.050777	-0.0141285
19581031	0.02772	0.014588
19581128	0.028534	0.0140445
19581231	0.053855	-0.0198945
19590130	0.006422	-0.0105065
19590227	0.006793	0.008097
19590331	0.003184	-0.001575
19590430	0.040104	-0.010404
19590529	0.02351	-0.002183
19590630	-0.000861	0.001543
19590731	0.034324	0.008106
19590831	-0.011055	-0.0107065
19590930	-0.043064	0.000217
19591030	0.012502	0.016199
19591130	0.018378	-0.0119395
19591231	0.029575	-0.0238645
19600129	-0.070043	0.0093725
19600229	0.013668	0.0183895
19600331	-0.01259	0.0389805
19600429	-0.016174	-0.018671
19600531	0.033388	0.019872
19600630	0.022049	0.022916
19600729	-0.02295	0.0368905
19600831	0.031519	-0.011399
19600930	-0.058643	0.001951
19601031	-0.00119	-0.0010065
19601130	0.045926	-0.015506
19601230	0.048751	0.031404
19610131	0.064234	-0.0118265
19610228	0.032804	0.02138
19610330	0.029315	0.0007245
19610428	0.004566	0.013722
19610531	0.023462	0.006541
19610630	-0.026676	-0.0248355
19610731	0.033758	0.000499
19610831	0.024769	-0.013123
19610929	-0.018683	0.005999
19611031	0.028297	0.0056355
19611130	0.045141	-0.00162
19611229	0.004733	-0.005117
19620131	-0.037395	0.001621
19620228	0.020573	0.005731
19620330	-0.003823	0.0216895
19620430	-0.061767	0.0179345
19620531	-0.079923	0.0028335
19620629	-0.080691	-0.010298
19620731	0.065282	-0.0094405
19620831	0.021669	0.0276255
19620928	-0.048816	0.009765
19621031	0.008313	0.012428
19621130	0.108268	0.001799
19621231	0.015534	-0.001576
19630131	0.050367	0.001525
19630228	-0.024189	0.001281
19630329	0.036581	0.0006365
19630430	0.04907	-0.0028035
19630531	0.019674	0.0012775
19630628	-0.018605	0.0009695
19630731	-0.001821	0.0031695
19630830	0.053466	0.0028505
19630930	-0.010402	0.000425
19631031	0.034825	-0.004057
19631129	-0.004487	-0.0035385
19631231	0.026065	-0.01113
19640131	0.027391	0.0037365
19640228	0.017015	0.001669
19640331	0.017232	-0.00876
19640430	0.006192	0.007892
19640528	0.016815	0.013689
19640630	0.018084	0.0136925
19640731	0.01891	0.001221
19640831	-0.011621	0.000862
19640930	0.030399	0.0014365
19641030	0.008745	0.0072075
19641130	0.001598	0.0005475
19641231	0.005228	-0.000184
19650129	0.034791	0.0060685
19650226	0.003746	0.0009555
19650331	-0.012213	0.006561
19650430	0.035612	0.0050295
19650528	-0.003122	0.002737
19650630	-0.04688	0.0053505
19650730	0.014486	0.000438
19650831	0.02756	-0.0100145
19650930	0.033366	-0.0169945
19651029	0.028812	0.005891
19651130	-0.003821	0.0043385
19651231	0.010349	-0.0078775
19660131	0.005705	0.0016645
19660228	-0.01275	-0.030765
19660331	-0.023041	0.0247235
19660429	0.022158	0.0009475
19660531	-0.04914	0.002948
19660630	-0.01438	-0.0127505
19660729	-0.012129	0.0041845
19660831	-0.07165	-0.0068455
19660930	-0.006244	0.019797
19661031	0.048333	0.0233035
19661130	0.011223	-0.01552
19661230	0.000326	0.034704
19670131	0.079215	0.027121
19670228	0.007514	-0.027648
19670331	0.041137	0.015975
19670428	0.043371	-0.0264585
19670531	-0.04681	-0.002902
19670630	0.019319	-0.023957
19670731	0.046454	0.0194345
19670831	-0.006824	-0.0051035
19670929	0.033815	-0.005048
19671031	-0.027448	-0.0401795
19671130	0.006435	0.0028675
19671229	0.027079	0.0096705
19680131	-0.041875	0.0389405
19680229	-0.0269	-0.0054415
19680329	0.009696	-0.030245
19680430	0.084092	0.0136955
19680531	0.016374	0.0046045
19680628	0.009916	0.025957
19680730	-0.017444	0.0204045
19680830	0.016415	-0.00071
19680930	0.039351	-0.012644
19681031	0.008587	-0.0147745
19681129	0.05358	-0.0212055
19681231	-0.040826	-0.0277095
19690131	-0.007547	-0.015902
19690228	-0.042321	-0.002746
19690328	0.034847	-0.0202685
19690430	0.022771	0.0461015
19690529	0.003854	-0.0388855
19690630	-0.054357	0.029609
19690731	-0.058632	0.012021
19690829	0.045728	-0.004852
19690930	-0.023941	-0.062019
19691031	0.0469	0.0526615
19691128	-0.029152	-0.0362245
19691231	-0.016922	-0.019106
19700130	-0.075398	0.0053415
19700227	0.059521	0.0761525
19700331	0.002806	-0.0098575
19700430	-0.088831	-0.042217
19700529	-0.054689	-0.041897
19700630	-0.049032	0.063123
19700731	0.075523	0.032075
19700831	0.049778	-0.019293
19700930	0.034702	0.0309945
19701030	-0.009032	-0.0022135
19701130	0.054387	0.0589785
19701231	0.058684	-0.0237415
19710129	0.042828	0.0610025
19710226	0.013317	-0.0172945
19710331	0.039068	0.040112
19710430	0.036965	-0.0055935
19710528	-0.03715	0.004627
19710630	0.002439	-0.0011015
19710730	-0.040827	0.005305
19710831	0.042036	0.0479875
19710930	-0.005038	0.020456
19711029	-0.040129	0.019929
19711130	0.002898	-0.0034855
19711231	0.08788	-0.0052025
19720131	0.019088	-0.008017
19720229	0.030221	0.0133185
19720330	0.007315	-0.004932
19720428	0.005476	0.007322
19720531	0.022019	0.0224605
19720630	-0.020156	-0.007664
19720731	0.003245	0.021733
19720831	0.039425	0.006901
19720929	-0.003277	-0.004207
19721031	0.010878	0.0117285
19721130	0.050297	0.0137095
19721229	0.013663	-0.023003
19730131	-0.016752	-0.044366
19730228	-0.033818	0.000838
19730330	-0.001093	0.006869
19730430	-0.040064	0.003262
19730531	-0.01395	-0.008574
19730629	-0.005178	-0.002116
19730731	0.039128	-0.041822
19730831	-0.031544	0.032932
19730928	0.042219	0.039914
19731031	0.000312	-0.015498
19731130	-0.10722	0.014764
19731231	0.017971	-0.006956
19740131	-0.00812	-0.0032945
19740228	0.001992	-0.003141
19740329	-0.021818	-0.0291055
19740430	-0.037649	-0.020149
19740531	-0.026896	0.0176385
19740628	-0.012816	0.003849
19740731	-0.076698	-0.0076905
19740830	-0.082177	-0.0263795
19740930	-0.117511	0.0208515
19741031	0.168113	0.0446
19741129	-0.045688	0.0182125
19741231	-0.018021	0.0073435
19750131	0.12361	0.0224215
19750228	0.06746	0.007358
19750331	0.024014	-0.0319185
19750430	0.049424	-0.0206125
19750530	0.051193	0.0318895
19750630	0.04622	0.0264575
19750731	-0.065504	-0.0034125
19750829	-0.015663	-0.0115015
19750930	-0.03225	-0.017205
19751031	0.064855	0.04811
19751128	0.030089	-0.0073435
19751231	-0.010485	0.0356915
19760130	0.120143	0.014973
19760227	-0.005756	0.0064715
19760331	0.03264	0.0177435
19760430	-0.00961	0.0004005
19760528	-0.008116	-0.0170005
19760630	0.043959	0.02059
19760730	-0.007202	0.007713
19760831	0.001599	0.0163085
19760930	0.024421	0.018861
19761029	-0.020211	0.0112435
19761130	-0.001041	0.033471
19761231	0.053775	0.036559
19770131	-0.049654	-0.0310395
19770228	-0.015638	0.0027125
19770331	-0.012502	0.0124855
19770429	0.000641	0.006157
19770531	-0.015064	0.006433
19770630	0.047776	0.0180805
19770729	-0.015453	-0.0114
19770831	-0.01231	0.0199315
19770930	-0.000825	-0.006834
19771031	-0.041984	-0.008555
19771130	0.036752	0.0073065
19771230	0.00557	-0.011845
19780131	-0.060643	-0.0071795
19780228	-0.01626	-0.0012285
19780331	0.026925	-0.0048175
19780428	0.088964	-0.0020485
19780531	0.013719	-0.0169855
19780630	-0.016578	-0.003945
19780731	0.056974	0.0142965
19780831	0.033641	0.032154
19780929	-0.005163	-0.0074625
19781031	-0.08957	-0.024364
19781130	0.026771	0.0165195
19781229	0.016627	-0.010872
19790131	0.042697	0.0188825
19790228	-0.028649	-0.0152365
19790330	0.057361	0.012037
19790430	0.004183	-0.01015
19790531	-0.016818	0.0220365
19790629	0.040324	0.0340715
19790731	0.012051	-0.0070605
19790831	0.061865	-0.0052515
19790928	0.001416	-0.009419
19791031	-0.06556	-0.080677
19791130	0.052777	0.0281485
19791231	0.01834	0.005771
19800131	0.061308	-0.0747645
19800229	0.002611	-0.058916
19800331	-0.097518	-0.0128185
19800430	0.042394	0.142742
19800530	0.05556	0.0445365
19800630	0.029722	0.039091
19800731	0.0682	-0.047477
19800829	0.013454	-0.0378705
19800930	0.027935	-0.030026
19801031	0.017809	-0.0283225
19801128	0.10991	0.0141535
19801231	-0.030634	0.036141
19810130	-0.04337	-0.011716
19810227	0.021267	-0.039635
19810331	0.038285	0.031774
19810430	-0.020211	-0.05287
19810529	0.006539	0.049837
19810630	-0.008255	-0.004761
19810731	0.000714	-0.034095
19810831	-0.05554	-0.040682
19810930	-0.050466	-0.017465
19811030	0.052115	0.079122
19811130	0.043827	0.113675
19811231	-0.027059	-0.047237
19820129	-0.015367	-0.001025
19820226	-0.050441	0.018873
19820331	-0.006805	0.024665
19820430	0.04155	0.032416
19820528	-0.029505	0.006632
19820630	-0.015779	-0.021771
19820730	-0.020199	0.045258
19820831	0.127402	0.082304
19820930	0.010496	0.059265
19821029	0.113863	0.079355
19821130	0.045754	-0.011947
19821231	0.016835	0.031309
19830131	0.035293	-0.028511
19830228	0.025733	0.051293
19830331	0.03547	-0.00931
19830429	0.075719	0.034507
19830531	-0.005687	-0.038327
19830630	0.03697	0.003204
19830729	-0.031238	-0.047866
19830831	0.015864	0.002665
19830930	0.014152	0.050744
19831031	-0.013108	-0.013853
19831130	0.023846	0.018419
19831230	-0.005749	-0.0045
19840131	-0.003898	0.024019
19840229	-0.034034	-0.017601
19840330	0.017295	-0.015465
19840430	0.006781	-0.007647
19840531	-0.053131	-0.053997
19840629	0.022937	0.013634
19840731	-0.013765	0.068646
19840831	0.112438	0.029078
19840928	-0.000064	0.033218
19841031	0.003331	0.058907
19841130	-0.009841	0.00999
19841231	0.025556	0.011144
19850131	0.076868	0.03964
19850228	0.014166	-0.050693
19850329	-0.000636	0.0297015
19850430	-0.003704	0.0195055
19850531	0.06274	0.095472
19850628	0.016065	0.014849
19850731	-0.003321	-0.0132325
19850830	-0.006473	0.0242265
19850930	-0.033248	0.001635
19851031	0.045079	0.0335495
19851129	0.071887	0.0412185
19851231	0.048156	0.061739
19860131	0.004706	0.0029085
19860228	0.076525	0.1096235
19860331	0.055832	0.1001165
19860430	-0.013343	0.0002885
19860530	0.055326	-0.053733
19860630	0.015744	0.0654045
19860731	-0.057541	-0.011424
19860829	0.074417	0.039284
19860930	-0.083243	-0.037505
19861031	0.056538	0.012557
19861128	0.024876	0.0166775
19861231	-0.027513	-0.002357
19870130	0.135183	0.013728
19870227	0.041778	0.008835
19870331	0.026336	-0.0262815
19870430	-0.009045	-0.0560275
19870529	0.009128	-0.01382
19870630	0.05014	0.0185555
19870731	0.049843	-0.0253
19870831	0.039108	-0.022042
19870930	-0.02194	-0.048465
19871030	-0.215795	0.0814505
19871130	-0.081874	0.0000955
19871231	0.073922	0.022645
19880129	0.042712	0.0605025
19880229	0.047445	0.013516
19880331	-0.030847	-0.0359995
19880429	0.010516	-0.0215965
19880531	0.008012	-0.018313
19880630	0.047676	0.0478475
19880729	-0.004458	-0.025704
19880831	-0.032488	0.0018295
19880930	0.042739	0.04011
19881031	0.026891	0.033476
19881130	-0.014355	-0.0271195
19881230	0.018553	0.016282
19890131	0.072303	0.0240585
19890228	-0.025031	-0.0243305
19890331	0.023038	0.010788
19890428	0.051707	0.0268685
19890531	0.041022	0.038998
19890630	-0.005611	0.0641965
19890731	0.090053	0.021513
19890831	0.019853	-0.026736
19890929	-0.004004	0.001654
19891031	-0.023633	0.0436765
19891130	0.020479	0.0086395
19891229	0.022657	-0.003027
19900131	-0.067661	-0.0412515
19900228	0.013381	-0.004319
19900330	0.026588	-0.0024555
19900430	-0.024504	-0.028812
19900531	0.097419	0.0488955
19900629	-0.006754	0.0243635
19900731	-0.004454	0.0080835
19900831	-0.090801	-0.0486475
19900928	-0.048959	0.0115155
19901031	-0.003597	0.024576
19901130	0.064561	0.0463725
19901231	0.027987	0.0209245
19910131	0.045001	0.0114435
19910228	0.071565	0.004512
19910328	0.024354	0.0017435
19910430	0.002268	0.012993
19910531	0.04293	-0.001916
19910628	-0.045357	-0.0104215
19910731	0.046526	0.015799
19910830	0.023885	0.0356705
19910930	-0.016861	0.0336095
19911031	0.013458	0.000058
19911129	-0.040214	0.000473
19911231	0.114089	0.065018
19920131	-0.018348	-0.032531
19920228	0.012865	0.004003
19920331	-0.01947	-0.0112055
19920430	0.028614	-0.0024135
19920529	0.00485	0.028208
19920630	-0.01503	0.0129955
19920731	0.040924	0.044137
19920831	-0.020615	0.00461
19920930	0.01134	0.014147
19921030	0.004796	-0.0219665
19921130	0.033794	0.0069885
19921231	0.01338	0.0270695
19930129	0.007282	0.0269675
19930226	0.013526	0.035368
19930331	0.021202	0.00179
19930430	-0.024519	0.006182
19930528	0.026259	0.002666
19930630	0.003466	0.0430675
19930730	-0.004593	0.0179635
19930831	0.037431	0.043883
19930930	-0.007582	0.0071145
19931029	0.019884	0.011766
19931130	-0.008655	-0.031587
19931231	0.012643	0.0001585
19940131	0.033429	0.0229905
19940228	-0.027161	-0.0448955
19940331	-0.043456	-0.0448435
19940429	0.012817	-0.0161895
19940531	0.016309	-0.0080025
19940630	-0.024762	-0.0125745
19940729	0.032714	0.034145
19940831	0.041341	-0.009461
19940930	-0.02394	-0.032923
19941031	0.022619	-0.00654
19941130	-0.036248	0.0049845
19941230	0.014955	0.0161605
19950131	0.026	0.0264595
19950228	0.039228	0.028066
19950331	0.029334	0.0093055
19950428	0.029395	0.0173065
19950531	0.039809	0.084098
19950630	0.024155	0.0113485
19950731	0.033405	-0.0184145
19950831	0.003495	0.0222715
19950929	0.042102	0.0217155
19951031	-0.003442	0.0264375
19951130	0.044029	0.027923
19951229	0.017643	0.026965
19960131	0.034861	-0.001813
19960229	0.010087	-0.0523085
19960329	0.009585	-0.0205305
19960430	0.015133	-0.0189665
19960531	0.025257	-0.0068225
19960628	0.004128	0.018667
19960731	-0.044441	-0.0005985
19960830	0.021928	-0.0156825
19960930	0.056035	0.0297475
19961031	0.026798	0.0414715
19961129	0.076455	0.034609
19961231	-0.019815	-0.028232
19970131	0.062779	-0.009695
19970228	0.007752	-0.001772
19970331	-0.041653	-0.0272735
19970430	0.060274	0.022893
19970530	0.061401	0.0115685
19970630	0.044103	0.0210125
19970731	0.080388	0.0628855
19970829	-0.05497	-0.0321685
19970930	0.053886	0.0314445
19971031	-0.032605	0.035277
19971128	0.046321	0.0122265
19971231	0.017147	0.023096
19980130	0.011994	0.019805
19980227	0.071956	-0.0099085
19980331	0.051336	0.003822
19980430	0.011275	0.002402
19980529	-0.017674	0.021681
19980630	0.04097	0.027243
19980731	-0.010109	-0.005525
19980831	-0.143124	0.055256
19980930	0.063176	0.041405
19981030	0.080111	-0.0219635
19981130	0.062165	0.0113775
19981231	0.059673	-0.001867
19990129	0.0428	0.007669
19990226	-0.031935	-0.06217
19990331	0.038979	-0.0009485
19990430	0.037559	0.0012365
19990528	-0.023162	-0.0170795
19990630	0.054431	-0.0135065
19990730	-0.03022	-0.0103095
19990831	-0.004989	-0.0040875
19990930	-0.028079	0.00695
19991029	0.064238	-0.005988
19991130	0.020822	-0.0075215
19991231	0.062579	-0.0174405
20000131	-0.049606	0.010761
20000229	-0.01747	0.03373
20000331	0.098492	0.04182
20000428	-0.031585	-0.0106495
20000531	-0.022412	-0.002563
20000630	0.026219	0.020781
20000731	-0.011998	0.01939
20000831	0.063702	0.0215985
20000929	-0.051943	-0.0190355
20001031	-0.004217	0.017911
20001130	-0.078315	0.0298065
20001229	0.005664	0.0262915
20010131	0.032252	0.000297
20010228	-0.091107	0.016421
20010330	-0.063499	-0.011037
20010430	0.077766	-0.037114
20010531	0.007033	0.006254
20010629	-0.024417	0.004746
20010731	-0.00933	0.0387585
20010831	-0.063435	0.0252945
20010928	-0.080426	0.001119
20011031	0.019558	0.0704375
20011130	0.078788	-0.053512
20011231	0.00905	-0.0188465
20020131	-0.014321	0.010793
20020228	-0.019481	0.0096825
20020328	0.037573	-0.045441
20020430	-0.061021	0.0381935
20020531	-0.0078	0.0018395
20020628	-0.071346	0.0184835
20020731	-0.073975	0.032535
20020830	0.007043	0.0528285
20020930	-0.109019	0.0421965
20021031	0.088599	-0.035044
20021129	0.059024	-0.007655
20021231	-0.058834	0.043329
20030131	-0.026579	-0.0045625
20030228	-0.015246	0.0299395
20030331	0.010308	-0.014604
20030430	0.082774	0.010483
20030530	0.053251	0.0609145
20030630	0.012816	-0.018617
20030731	0.017932	-0.09926
20030829	0.019597	0.016462
20030930	-0.010737	0.0566625
20031031	0.05556	-0.030375
20031128	0.00926	0.003972
20031231	0.051842	0.0146315
20040130	0.019078	0.017644
20040227	0.014403	0.022599
20040331	-0.015011	0.0140535
20040430	-0.015584	-0.0634395
20040528	0.013711	-0.0037705
20040630	0.01949	0.0127965
20040730	-0.032932	0.0156835
20040831	0.003807	0.0413675
20040930	0.010817	0.008886
20041029	0.014973	0.0172665
20041130	0.040563	-0.024121
20041231	0.033734	0.027041
20050131	-0.023824	0.033454
20050228	0.021151	-0.0151625
20050331	-0.01724	-0.0026535
20050429	-0.018926	0.0372
20050531	0.031994	0.0323405
20050630	0.001717	0.0201765
20050729	0.037374	-0.0340005
20050831	-0.009159	0.0341655
20050930	0.008001	-0.0371835
20051031	-0.015552	-0.021217
20051130	0.038365	0.0102285
20051230	-0.00006	0.026928
20060131	0.026426	-0.013544
20060228	0.002426	0.010765
20060331	0.012909	-0.0478525
20060428	0.012057	-0.031258
20060531	-0.028318	-0.003578
20060630	0.001558	0.010746
20060731	0.00555	0.0221175
20060831	0.02417	0.0312585
20060929	0.026487	0.0199335
20061031	0.032514	0.009811
20061130	0.018385	0.0244795
20061229	0.013759	-0.0296275
20070131	0.01535	-0.0091065
20070228	-0.019269	0.0323485
20070330	0.010896	-0.016764
20070430	0.043991	0.008386
20070531	0.034459	-0.0232365
20070629	-0.016624	-0.0110945
20070731	-0.031192	0.034697
20070831	0.015109	0.016241
20070928	0.037485	0.0018885
20071031	0.017362	0.017106
20071130	-0.041217	0.055712
20071231	-0.006098	-0.0074035
20080131	-0.061183	0.0255705
20080229	-0.031409	-0.003593
20080331	-0.003492	0.0170545
20080430	0.048629	-0.0220005
20080530	0.012986	-0.033115
20080630	-0.082819	0.0299835
20080731	-0.007309	-0.0024735
20080829	0.014955	0.026132
20080930	-0.085467	0.0150645
20081031	-0.166979	-0.0216695
20081128	-0.073512	0.159272
20081231	0.011995	0.1189885
20090130	-0.082615	-0.1266565
20090227	-0.103584	-0.010312
20090331	0.087634	0.0462475
20090430	0.09423	-0.0729115
20090529	0.05464	-0.035747
20090630	0.002475	0.0058635
20090731	0.074482	0.0080205
20090831	0.034756	0.022683
20090930	0.036564	0.020619
20091030	-0.018259	-0.019534
20091130	0.060257	0.012741
20091231	0.018983	-0.0601415
20100129	-0.035751	0.028446
20100226	0.030426	-0.005295
20100331	0.061014	-0.016895
20100430	0.015924	0.032309
20100528	-0.080111	0.047244
20100630	-0.053525	0.052325
20100730	0.072407	-0.00704
20100831	-0.045434	0.080186
20100930	0.090383	-0.0223465
20101029	0.038736	-0.038384
20101130	-0.000055	-0.017658
20101231	0.067058	-0.036194