  1.9600100e+005  1.2025426e+000
  1.9600200e+005  1.4184874e-001
  1.9600300e+005  9.7897024e-001
  1.9600400e+005  2.9746081e-001
  1.9600500e+005  8.1719756e-001
  1.9600600e+005  1.4402736e+000
  1.9600700e+005  1.4107530e+000
  1.9600800e+005  9.0537662e-001
  1.9600900e+005  1.3692383e+000
  1.9601000e+005  4.9982006e-001
  1.9601100e+005  5.4728127e-001
  1.9601200e+005  7.5339108e-001
  1.9610100e+005  6.9555163e-001
  1.9610200e+005  3.2724191e-001
  1.9610300e+005  2.8362127e-001
  1.9610400e+005  7.2262094e-001
  1.9610500e+005  1.3633855e+000
  1.9610600e+005  1.9982332e-001
  1.9610700e+005  7.6606052e-001
  1.9610800e+005  1.0247963e+000
  1.9610900e+005  7.9056307e-001
  1.9611000e+005  1.4712908e+000
  1.9611100e+005  1.1971034e+000
  1.9611200e+005  1.3797938e+000
  1.9620100e+005  1.2095006e-001
  1.9620200e+005  7.9074762e-001
  1.9620300e+005  6.3693261e-001
  1.9620400e+005  1.2575688e+000
  1.9620500e+005  1.2639702e+000
  1.9620600e+005  4.5464865e-001
  1.9620700e+005  4.2090110e-001
  1.9620800e+005  4.6998040e-002
  1.9620900e+005  1.3112804e-001
  1.9621000e+005  8.3392752e-001
  1.9621100e+005  1.1539078e+000
  1.9621200e+005  5.1942771e-004
  1.9630100e+005  8.4716792e-001
  1.9630200e+005  6.5438269e-001
  1.9630300e+005  9.7151497e-001
  1.9630400e+005  4.0762831e-001
  1.9630500e+005  4.2486582e-001
  1.9630600e+005  7.4581218e-001
  1.9630700e+005  8.9727781e-001
  1.9630800e+005  7.2030392e-001
  1.9630900e+005  1.1948134e+000
  1.9631000e+005  3.7470704e-001
  1.9631100e+005  1.1961780e+000
  1.9631200e+005  4.7744322e-001
  1.9640100e+005  9.0017242e-002
  1.9640200e+005  1.4916200e+000
  1.9640300e+005  1.1523101e+000
  1.9640400e+005  3.2293892e-001
  1.9640500e+005  1.3194992e+000
  1.9640600e+005  1.3555701e+000
  1.9640700e+005  3.0816226e-001
  1.9640800e+005  1.1589903e+000
  1.9640900e+005  5.7723917e-001
  1.9641000e+005  1.1597599e+000
  1.9641100e+005  1.3459343e+000
  1.9641200e+005  2.2768265e-001
  1.9650100e+005  5.0090620e-001
  1.9650200e+005  1.4080611e+000
  1.9650300e+005  1.1110534e+000
  1.9650400e+005  6.6043665e-001
  1.9650500e+005  7.2606829e-001
  1.9650600e+005  1.6648903e-001
  1.9650700e+005  1.3910130e+000
  1.9650800e+005  9.1955417e-001
  1.9650900e+005  2.8095005e-001
  1.9651000e+005  9.5801830e-001
  1.9651100e+005  6.3189149e-001
  1.9651200e+005  4.0703641e-001
  1.9660100e+005  1.3924665e-001
  1.9660200e+005  4.4986528e-001
  1.9660300e+005  9.5478497e-001
  1.9660400e+005  4.0580462e-001
  1.9660500e+005  9.6992717e-001
  1.9660600e+005  5.4602216e-001
  1.9660700e+005  7.5628645e-001
  1.9660800e+005  1.3860531e+000
  1.9660900e+005  7.4175845e-001
  1.9661000e+005  1.4549731e+000
  1.9661100e+005  6.9584819e-001
  1.9661200e+005  1.0400132e+000
  1.9670100e+005  3.5355150e-001
  1.9670200e+005  1.4386260e+000
  1.9670300e+005  5.7800009e-001
  1.9670400e+005  2.1236894e-001
  1.9670500e+005  1.1172085e+000
  1.9670600e+005  6.6524928e-001
  1.9670700e+005  4.1819362e-001
  1.9670800e+005  6.8407083e-001
  1.9670900e+005  3.7586785e-001
  1.9671000e+005  9.9842087e-001
  1.9671100e+005  8.9169305e-001
  1.9671200e+005  1.1790892e+000
  1.9680100e+005  4.2638624e-001
  1.9680200e+005  5.4243445e-001
  1.9680300e+005  9.4672816e-002
  1.9680400e+005  1.7812252e-001
  1.9680500e+005  4.4904311e-001
  1.9680600e+005  8.7596332e-001
  1.9680700e+005  1.0184928e+000
  1.9680800e+005  1.1780576e+000
  1.9680900e+005  1.8572112e-002
  1.9681000e+005  1.3462194e+000
  1.9681100e+005  3.9850336e-002
  1.9681200e+005  5.7466841e-001
  1.9690100e+005  9.0826481e-001
  1.9690200e+005  1.2853824e+000
  1.9690300e+005  2.1766528e-001
  1.9690400e+005  9.0104373e-001
  1.9690500e+005  1.3525043e+000
  1.9690600e+005  5.5487827e-001
  1.9690700e+005  1.1690951e+000
  1.9690800e+005  3.3799948e-002
  1.9690900e+005  1.4679651e+000
  1.9691000e+005  9.5424411e-001
  1.9691100e+005  1.1151741e+000
  1.9691200e+005  1.3700428e-001
  1.9700100e+005  8.1441750e-001
  1.9700200e+005  5.2496855e-002
  1.9700300e+005  4.2503537e-001
  1.9700400e+005  5.5504258e-001
  1.9700500e+005  1.3987214e+000
  1.9700600e+005  3.8758822e-001
  1.9700700e+005  1.2900435e+000
  1.9700800e+005  9.8101374e-001
  1.9700900e+005  9.7027688e-001
  1.9701000e+005  1.1641151e+000
  1.9701100e+005  9.4914168e-001
  1.9701200e+005  1.6220491e-001
  1.9710100e+005  1.3557871e-001
  1.9710200e+005  3.1869973e-002
  1.9710300e+005  7.9952537e-002
  1.9710400e+005  1.4504610e+000
  1.9710500e+005  1.0739687e+000
  1.9710600e+005  3.3266743e-001
  1.9710700e+005  1.2780128e+000
  1.9710800e+005  1.4795471e+000
  1.9710900e+005  4.5084878e-001
  1.9711000e+005  1.2986944e-001
  1.9711100e+005  1.3139060e+000
  1.9711200e+005  6.9606632e-001
  1.9720100e+005  6.4192469e-001
  1.9720200e+005  5.8735072e-001
  1.9720300e+005  1.1333183e+000
  1.9720400e+005  7.9169002e-001
  1.9720500e+005  8.4601520e-001
  1.9720600e+005  1.1667641e+000
  1.9720700e+005  6.7294787e-001
  1.9720800e+005  7.8384558e-002
  1.9720900e+005  3.4616440e-001
  1.9721000e+005  9.5259033e-001
  1.9721100e+005  3.5255934e-001
  1.9721200e+005  1.0098774e+000
  1.9730100e+005  1.1304058e+000
  1.9730200e+005  1.0618079e+000
  1.9730300e+005  1.1874964e+000
  1.9730400e+005  8.1298918e-001
  1.9730500e+005  1.1935466e+000
  1.9730600e+005  9.2743990e-001
  1.9730700e+005  4.2602351e-001
  1.9730800e+005  5.7922236e-001
  1.9730900e+005  1.4609716e+000
  1.9731000e+005  1.3375162e+000
  1.9731100e+005  1.1333503e+000
  1.9731200e+005  2.6751171e-001
  1.9740100e+005  1.2581025e+000
  1.9740200e+005  8.1105934e-001
  1.9740300e+005  7.4827491e-001
  1.9740400e+005  6.3105155e-001
  1.9740500e+005  1.5946586e-001
  1.9740600e+005  7.8668681e-001
  1.9740700e+005  1.1140216e+000
  1.9740800e+005  1.4863828e+000
  1.9740900e+005  4.7864247e-001
  1.9741000e+005  1.2045702e+000
  1.9741100e+005  1.0343909e+000
  1.9741200e+005  1.0151505e-001
  1.9750100e+005  2.8529802e-002
  1.9750200e+005  1.4776228e+000
  1.9750300e+005  1.1664971e+000
  1.9750400e+005  8.0836134e-001
  1.9750500e+005  4.3123782e-001
  1.9750600e+005  7.7551343e-001
  1.9750700e+005  9.7996423e-001
  1.9750800e+005  3.5011815e-001
  1.9750900e+005  8.5442884e-001
  1.9751000e+005  3.6221940e-002
  1.9751100e+005  2.9644972e-001
  1.9751200e+005  1.4394392e-001
  1.9760100e+005  5.6141624e-001
  1.9760200e+005  3.6917924e-001
  1.9760300e+005  1.0016560e+000
  1.9760400e+005  1.0590876e-001
  1.9760500e+005  5.7991809e-001
  1.9760600e+005  4.0062841e-001
  1.9760700e+005  9.4638325e-001
  1.9760800e+005  1.9890683e-001
  1.9760900e+005  1.2166865e+000
  1.9761000e+005  6.9563834e-001
  1.9761100e+005  6.7805288e-001
  1.9761200e+005  9.3933267e-001
  1.9770100e+005  1.1498906e+000
  1.9770200e+005  1.1533618e+000
  1.9770300e+005  9.2501952e-001
  1.9770400e+005  1.6962763e-001
  1.9770500e+005  1.2429790e+000
  1.9770600e+005  8.5070738e-001
  1.9770700e+005  1.3238356e+000
  1.9770800e+005  1.1731647e+000
  1.9770900e+005  1.6610246e-001
  1.9771000e+005  5.4600339e-001
  1.9771100e+005  2.1477025e-001
  1.9771200e+005  2.3911143e-001
  1.9780100e+005  1.0883929e+000
  1.9780200e+005  4.1390027e-001
  1.9780300e+005  4.1966957e-001
  1.9780400e+005  9.4170727e-001
  1.9780500e+005  1.0465334e+000
  1.9780600e+005  1.0741576e+000
  1.9780700e+005  1.0863217e+000
  1.9780800e+005  4.1779322e-001
  1.9780900e+005  1.3994769e+000
  1.9781000e+005  9.9574944e-001
  1.9781100e+005  3.9394950e-003
  1.9781200e+005  5.6173640e-001
  1.9790100e+005  4.2527865e-001
  1.9790200e+005  9.1555876e-002
  1.9790300e+005  1.1302310e+000
  1.9790400e+005  1.0954815e-001
  1.9790500e+005  9.3272297e-001
  1.9790600e+005  5.5328326e-001
  1.9790700e+005  7.5677532e-001
  1.9790800e+005  8.0850791e-001
  1.9790900e+005  5.1394290e-001
  1.9791000e+005  9.4813891e-001
  1.9791100e+005  2.3873571e-001
  1.9791200e+005  2.3343610e-001
  1.9800100e+005  8.8312137e-001
  1.9800200e+005  8.6633698e-001
  1.9800300e+005  4.6731480e-001
  1.9800400e+005  5.6239399e-001
  1.9800500e+005  1.0798702e+000
  1.9800600e+005  1.0652500e+000
  1.9800700e+005  1.3180296e+000
  1.9800800e+005  2.6098869e-001
  1.9800900e+005  5.7628945e-001
  1.9801000e+005  1.0001910e+000
  1.9801100e+005  1.0570685e+000
  1.9801200e+005  3.8919371e-001
  1.9810100e+005  5.2160330e-001
  1.9810200e+005  1.3432314e+000
  1.9810300e+005  3.4100719e-001
  1.9810400e+005  1.2528829e+000
  1.9810500e+005  4.2578887e-001
  1.9810600e+005  2.8602333e-001
  1.9810700e+005  8.1557235e-001
  1.9810800e+005  6.6664631e-001
  1.9810900e+005  3.7756704e-002
  1.9811000e+005  1.0481569e-001
  1.9811100e+005  1.2724681e-001
  1.9811200e+005  2.2798299e-001
  1.9820100e+005  1.1424713e+000
  1.9820200e+005  1.0051827e+000
  1.9820300e+005  1.2676287e+000
  1.9820400e+005  9.5090829e-001
  1.9820500e+005  1.0912964e+000
  1.9820600e+005  1.2334602e+000
  1.9820700e+005  4.2034428e-001
  1.9820800e+005  9.7722734e-001
  1.9820900e+005  3.3295758e-001
  1.9821000e+005  2.9217313e-001
  1.9821100e+005  1.4644729e+000
  1.9821200e+005  1.4094272e+000
  1.9830100e+005  1.0209254e+000
  1.9830200e+005  8.6406687e-001
  1.9830300e+005  9.1875387e-001
  1.9830400e+005  1.0908626e+000
  1.9830500e+005  1.0188200e+000
  1.9830600e+005  1.3203025e+000
  1.9830700e+005  1.1265181e+000
  1.9830800e+005  7.0777857e-001
  1.9830900e+005  1.0771596e+000
  1.9831000e+005  6.4334558e-001
  1.9831100e+005  1.3705753e+000
  1.9831200e+005  1.2407495e+000
  1.9840100e+005  9.0773090e-001
  1.9840200e+005  1.4692685e+000
  1.9840300e+005  6.7294656e-001
  1.9840400e+005  2.7458357e-001
  1.9840500e+005  9.8233747e-001
  1.9840600e+005  1.2404012e+000
  1.9840700e+005  9.1492009e-001
  1.9840800e+005  1.2485917e+000
  1.9840900e+005  2.7605465e-001
  1.9841000e+005  1.2055221e+000
  1.9841100e+005  9.7328900e-001
  1.9841200e+005  8.4052224e-001
  1.9850100e+005  6.6088103e-001
  1.9850200e+005  8.3649137e-001
  1.9850300e+005  1.0277479e+000
  1.9850400e+005  1.4824824e+000
  1.9850500e+005  1.0207306e-001
  1.9850600e+005  2.2462031e-001
  1.9850700e+005  8.6522489e-001
  1.9850800e+005  2.3054092e-001
  1.9850900e+005  9.3455371e-001
  1.9851000e+005  3.9465590e-001
  1.9851100e+005  4.2284856e-001
  1.9851200e+005  9.9809138e-001
  1.9860100e+005  2.6049010e-002
  1.9860200e+005  6.2852233e-001
  1.9860300e+005  9.7827144e-001
  1.9860400e+005  1.7806091e-001
  1.9860500e+005  6.0643046e-001
  1.9860600e+005  1.2109544e+000
  1.9860700e+005  1.3857290e+000
  1.9860800e+005  6.1876872e-001
  1.9860900e+005  9.0647949e-001
  1.9861000e+005  1.2438668e+000
  1.9861100e+005  9.2999689e-001
  1.9861200e+005  1.1341181e+000
  1.9870100e+005  3.7233471e-001
  1.9870200e+005  8.4829622e-001
  1.9870300e+005  4.4854907e-001
  1.9870400e+005  1.2437656e+000
  1.9870500e+005  7.8105417e-001
  1.9870600e+005  1.4880936e-001
  1.9870700e+005  7.7740062e-001
  1.9870800e+005  2.4532830e-001
  1.9870900e+005  9.9910121e-001
  1.9871000e+005  5.3946479e-003
  1.9871100e+005  4.6288346e-001
  1.9871200e+005  6.4912294e-003
  1.9880100e+005  1.0280506e+000
  1.9880200e+005  1.8603753e-001
  1.9880300e+005  9.5303185e-001
  1.9880400e+005  8.5480925e-001
  1.9880500e+005  3.6060815e-001
  1.9880600e+005  2.1613903e-001
  1.9880700e+005  1.1556288e+000
  1.9880800e+005  1.4785598e+000
  1.9880900e+005  1.1042764e+000
  1.9881000e+005  5.9481266e-001
  1.9881100e+005  9.8739345e-002
  1.9881200e+005  3.4227637e-001
  1.9890100e+005  4.8748461e-002
  1.9890200e+005  5.3409921e-001
  1.9890300e+005  1.0258056e-001
  1.9890400e+005  5.1725184e-001
  1.9890500e+005  1.3425990e+000
  1.9890600e+005  1.3075843e+000
  1.9890700e+005  2.0945802e-001
  1.9890800e+005  5.7113124e-001
  1.9890900e+005  9.1149270e-001
  1.9891000e+005  6.6016529e-001
  1.9891100e+005  1.0715709e+000
  1.9891200e+005  1.0451833e+000
  1.9900100e+005  7.4961516e-002
  1.9900200e+005  1.3928709e-001
  1.9900300e+005  1.1208091e-001
  1.9900400e+005  1.2379653e+000
  1.9900500e+005  1.0161953e+000
  1.9900600e+005  6.2573563e-001
  1.9900700e+005  1.4627920e+000
  1.9900800e+005  1.5540600e-001
  1.9900900e+005  7.9317900e-001
  1.9901000e+005  1.3900048e+000
  1.9901100e+005  1.4507607e-001
  1.9901200e+005  1.0606572e+000
  1.9910100e+005  9.9785515e-001
  1.9910200e+005  9.6122878e-001
  1.9910300e+005  1.1894998e+000
  1.9910400e+005  9.7685720e-001
  1.9910500e+005  9.6150876e-002
  1.9910600e+005  2.7341634e-001
  1.9910700e+005  4.1172675e-003
  1.9910800e+005  4.1333295e-001
  1.9910900e+005  1.3237498e+000
  1.9911000e+005  6.4604996e-001
  1.9911100e+005  1.3057162e+000
  1.9911200e+005  1.0804315e+000
  1.9920100e+005  3.3272720e-001
  1.9920200e+005  1.7301147e-001
  1.9920300e+005  7.3605659e-001
  1.9920400e+005  9.0811992e-001
  1.9920500e+005  1.5113271e-002
  1.9920600e+005  1.8315155e-002
  1.9920700e+005  7.2549615e-001
  1.9920800e+005  1.3545483e+000
  1.9920900e+005  7.2745469e-001
  1.9921000e+005  1.2167118e+000
  1.9921100e+005  1.2988549e+000
  1.9921200e+005  2.8120673e-001
  1.9930100e+005  1.3629667e+000
  1.9930200e+005  1.5054801e-002
  1.9930300e+005  1.2097690e+000
  1.9930400e+005  1.1413693e+000
  1.9930500e+005  1.6211848e-002
  1.9930600e+005  1.7099416e-001
  1.9930700e+005  1.1614615e+000
  1.9930800e+005  1.4132537e+000
  1.9930900e+005  6.9854618e-001
  1.9931000e+005  8.2326711e-001
  1.9931100e+005  2.0840838e-001
  1.9931200e+005  5.5744170e-001
  1.9940100e+005  7.0026989e-001
  1.9940200e+005  4.2651772e-001
  1.9940300e+005  1.1587150e+000
  1.9940400e+005  1.0179825e+000
  1.9940500e+005  1.0175438e+000
  1.9940600e+005  1.2293817e+000
  1.9940700e+005  3.3018537e-001
  1.9940800e+005  1.0565752e+000
  1.9940900e+005  4.0965020e-001
  1.9941000e+005  5.3990512e-001
  1.9941100e+005  5.2155025e-001
  1.9941200e+005  9.6035333e-001
  1.9950100e+005  4.1536123e-001
  1.9950200e+005  1.4721940e+000
  1.9950300e+005  1.2455033e+000
  1.9950400e+005  1.4217372e-001
  1.9950500e+005  8.7674669e-001
  1.9950600e+005  1.2462581e+000
  1.9950700e+005  4.8029520e-001
  1.9950800e+005  9.9294236e-001
  1.9950900e+005  2.9197696e-001
  1.9951000e+005  7.8783534e-001
  1.9951100e+005  1.3197870e+000
  1.9951200e+005  1.2418047e+000
  1.9960100e+005  1.2225398e+000
  1.9960200e+005  6.1257816e-001
  1.9960300e+005  5.5640744e-001
  1.9960400e+005  1.0236562e+000
  1.9960500e+005  8.3899347e-001
  1.9960600e+005  1.1418641e+000
  1.9960700e+005  1.3128184e+000
  1.9960800e+005  1.1000480e+000
  1.9960900e+005  9.0090353e-001
  1.9961000e+005  4.9924984e-001
  1.9961100e+005  7.1631234e-002
  1.9961200e+005  6.2393698e-001
  1.9970100e+005  1.4362774e-001
  1.9970200e+005  4.7123825e-002
  1.9970300e+005  5.6247917e-001
  1.9970400e+005  5.4039457e-001
  1.9970500e+005  1.1478106e+000
  1.9970600e+005  1.0196969e-001
  1.9970700e+005  1.4714459e+000
  1.9970800e+005  1.1133600e+000
  1.9970900e+005  1.4487009e+000
  1.9971000e+005  3.5277909e-001
  1.9971100e+005  5.0501665e-001
  1.9971200e+005  2.3870069e-002
  1.9980100e+005  4.4150174e-001
  1.9980200e+005  5.4038904e-001
  1.9980300e+005  9.7812669e-001
  1.9980400e+005  1.2394583e+000
  1.9980500e+005  1.4277882e+000
  1.9980600e+005  1.2112363e+000
  1.9980700e+005  1.4979714e+000
  1.9980800e+005  3.1601600e-001
  1.9980900e+005  7.7629675e-001
  1.9981000e+005  1.2056721e+000
  1.9981100e+005  1.0530793e+000
  1.9981200e+005  5.0511243e-001
  1.9990100e+005  1.0927919e+000
  1.9990200e+005  6.4187671e-001
  1.9990300e+005  1.4121279e+000
  1.9990400e+005  1.1476856e+000
  1.9990500e+005  1.4877877e+000
  1.9990600e+005  3.1510669e-001
  1.9990700e+005  5.2131668e-001
  1.9990800e+005  3.6676047e-001
  1.9990900e+005  1.1374254e+000
  1.9991000e+005  2.8878081e-002
  1.9991100e+005  8.1580010e-001
  1.9991200e+005  1.1085999e+000
  2.0000100e+005  7.7270750e-001
  2.0000200e+005  1.4777346e+000
  2.0000300e+005  1.0328281e+000
  2.0000400e+005  2.9994818e-001
  2.0000500e+005  2.2804507e-001
  2.0000600e+005  4.2714994e-001
  2.0000700e+005  1.1905450e+000
  2.0000800e+005  1.4573579e+000
  2.0000900e+005  1.2948951e+000
  2.0001000e+005  4.6600556e-001
  2.0001100e+005  7.9547437e-001
  2.0001200e+005  3.4612589e-001
  2.0010100e+005  3.9519900e-001
  2.0010200e+005  3.1786926e-001
  2.0010300e+005  2.0664694e-001
  2.0010400e+005  3.8274059e-001
  2.0010500e+005  1.0857171e+000
  2.0010600e+005  9.8081655e-001
  2.0010700e+005  1.2062260e+000
  2.0010800e+005  1.7759132e-001
  2.0010900e+005  9.4361479e-001
  2.0011000e+005  1.4854699e+000
  2.0011100e+005  6.2247120e-001
  2.0011200e+005  9.2166448e-001
  2.0020100e+005  7.3746812e-001
  2.0020200e+005  5.0426935e-001
  2.0020300e+005  3.9428207e-001
  2.0020400e+005  3.9027283e-001
  2.0020500e+005  1.4855879e-001
  2.0020600e+005  6.7734462e-002
  2.0020700e+005  8.7765451e-001
  2.0020800e+005  1.0971700e+000
  2.0020900e+005  4.6762926e-001
  2.0021000e+005  5.4004666e-001
  2.0021100e+005  9.8467320e-001
  2.0021200e+005  7.8309183e-001
  2.0030100e+005  1.4857227e+000
  2.0030200e+005  1.4052235e+000
  2.0030300e+005  2.1493320e-001
  2.0030400e+005  3.4465397e-001
  2.0030500e+005  1.1182422e+000
  2.0030600e+005  1.3297068e+000
  2.0030700e+005  6.9646501e-001
  2.0030800e+005  1.2984970e+000
  2.0030900e+005  1.0979305e+000
  2.0031000e+005  1.0956864e+000
  2.0031100e+005  1.2667384e+000
  2.0031200e+005  1.0234246e+000
  2.0040100e+005  1.0957207e+000
  2.0040200e+005  1.2032436e+000
  2.0040300e+005  4.1693120e-001
  2.0040400e+005  3.5461317e-001
  2.0040500e+005  1.1122452e+000
  2.0040600e+005  1.2257058e+000
  2.0040700e+005  5.1646101e-001
  2.0040800e+005  1.2787970e+000
  2.0040900e+005  1.0979305e+000
  2.0041000e+005  1.0755864e+000
  2.0041100e+005  1.2667584e+000
  2.0041200e+005  1.0234546e+000
  2.0050100e+005  1.4857227e+000
  2.0050200e+005  1.4052235e+000
  2.0050300e+005  1.1414320e-001
  2.0050400e+005  4.4265397e-001
  2.0050500e+005  1.1882472e+000
  2.0050600e+005  1.3794862e+000
  2.0050700e+005  6.9146501e-001
  2.0050800e+005  1.7921970e+000
  2.0050900e+005  1.0879305e+000
  2.0051000e+005  2.7481874e-001
  2.0051100e+005  1.2267344e+000
  2.0051200e+005  1.0284214e+000
