%date	retm	tnam
19630628	-0.00484	0
19630731	0.03213	0
19630830	0.06321	0
19630930	0.02751	0
19631031	0.07081	0
19631129	0.01129	0
19631231	0.06858	0
19640131	0.01418	0
19640228	-0.01472	0
19640331	0.01568	0
19640430	-0.02733	0
19640528	0.18583	0
19640630	0.01167	0
19640731	0.03624	0
19640831	-0.01272	0
19640930	0.05636	0
19641030	0.04345	0
19641130	0.01315	0
19641231	0.00865	0
19650129	0.08363	0
19650226	0.05211	0
19650331	0.02759	0
19650430	0.08318	0
19650528	0.03132	0
19650630	-0.13596	0
19650730	0.0623	0
19650831	0.13083	0
19650930	0.13231	0
19651029	0.15737	0
19651130	0.11821	0
19651231	0.08485	0
19660131	0.11376	0
19660228	0.0935	0
19660331	0.02953	0
19660429	0.15314	0
19660531	-0.16945	0
19660630	0.0668	0
19660729	-0.04753	0
19660831	-0.09901	0
19660930	-0.04879	0
19661031	-0.09612	0
19661130	0.12781	0
19661230	0.01541	0
19670131	0.1692	0
19670228	0.04582	0
19670331	0.08616	0
19670428	0.05808	0
19670531	-0.00828	0
19670630	0.15859	0
19670731	0.10909	0
19670831	-0.04454	0
19670929	0.09	0
19671031	-0.03119	0
19671130	-0.00552	0
19671229	0.1344	6.5
19680131	-0.05462	6.5
19680229	-0.08853	6.5
19680329	0.00442	6.5
19680430	0.15729	6.5
19680531	0.17053	6.5
19680628	-0.02234	6.5
19680730	-0.03251	6.5
19680830	0.05456	6.5
19680930	0.07161	6.5
19681031	0.01649	6.5
19681129	0.12453	6.5
19681231	-0.01674	7.1
19690131	-0.0076	7.1
19690228	-0.11111	7.1
19690328	0.03771	7.1
19690430	0.04075	7.1
19690529	0.03496	7.1
19690630	-0.12253	7.1
19690731	-0.1077	7.1
19690829	0.07113	7.1
19690930	-0.006	7.1
19691031	0.06379	7.1
19691128	-0.04741	7.1
19691231	-0.00766	8.2
19700130	-0.07973	8.2
19700227	-0.00047	8.2
19700331	-0.08854	8.2
19700430	-0.12219	8.2
19700529	-0.04562	8.2
19700630	-0.07055	8.2
19700731	0.0363	8.2
19700831	0.04268	8.2
19700930	0.12584	8.2
19701030	-0.02713	8.2
19701130	0.02677	8.2
19701231	0.06247	6.9
19710129	0.08538	6.9
19710226	0.06453	6.9
19710331	0.07832	6.9
19710430	0.04021	6.9
19710528	-0.03501	6.9
19710630	-0.00496	6.9
19710730	-0.04027	6.9
19710831	0.05407	6.9
19710930	0.00657	6.9
19711029	-0.08602	6.9
19711130	-0.02587	6.9
19711231	0.19734	9.2
19720131	0.11205	9.2
19720229	0.07256	9.2
19720330	0.04713	9.2
19720428	0.05879	9.2
19720531	0.02313	9.2
19720630	-0.03166	9.2
19720731	-0.02539	9.2
19720831	-0.03953	9.2
19720929	-0.00343	9.2
19721031	-0.02503	9.2
19721130	0.05424	9.2
19721229	0.03562	11.6
19730131	-0.09553	11.6
19730228	-0.10432	11.6
19730330	-0.00907	11.6
19730430	-0.12193	11.6
19730531	-0.1221	11.6
19730629	-0.04425	11.6
19730731	0.19302	11.6
19730831	-0.02167	11.6
19730928	0.13498	11.6
19731031	-0.0404	11.6
19731130	-0.24787	11.6
19731231	0.02327	6.3
19740131	0.05286	6.3
19740228	-0.03503	6.3
19740329	-0.03146	6.3
19740430	-0.05533	6.3
19740531	-0.10186	6.3
19740628	-0.03706	6.3
19740731	-0.0077	6.3
19740830	-0.07991	6.3
19740930	-0.11636	6.3
19741031	0.16317	6.3
19741129	0.00246	6.3
19741231	-0.05155	4
19750131	0.1113	4
19750228	0.08773	4
19750331	0.03212	4
19750430	0.18787	4
19750530	0	4
19750630	0.05453	4
19750731	-0.06858	4
19750829	-0.01388	4
19750930	-0.02938	4
19751031	0.01009	4
19751128	0.01124	4
19751231	0.01481	5.4
19760130	0.15085	5.4
19760227	0.03858	5.4
19760331	0.02494	5.4
19760430	0.0007	5.4
19760528	0.01856	5.4
19760630	0.07883	5.4
19760730	-0.03201	5.4
19760831	-0.03259	5.4
19760930	0.01855	5.4
19761029	-0.02397	5.4
19761130	0.0334	5.4
19761231	0.06274	22
19770131	0.01521	22
19770228	-0.00044	22
19770331	-0.01454	22
19770429	0.03419	22
19770531	0.00351	22
19770630	0.07524	22
19770729	-0.02482	22
19770831	-0.03296	22
19770930	-0.00259	22
19771031	-0.03114	22
19771130	0.08214	22
19771230	0.04002	22.2
19780131	-0.06624	22.2
19780228	0.04206	22.2
19780331	0.09172	22.2
19780428	0.12284	22.2
19780531	0.06392	22.2
19780630	-0.02384	22.2
19780731	0.12504	22.2
19780831	0.08886	22.2
19780929	-0.03296	22.2
19781031	-0.20836	22.2
19781130	0.1	22.2
19781229	0.03062	26.4
19790131	0.10383	26.4
19790228	-0.04412	26.4
19790330	0.12714	26.4
19790430	0.02006	26.4
19790531	-0.02582	26.4
19790629	0.07375	26.4
19790731	0.02591	26.4
19790831	0.11746	26.4
19790928	-0.00682	26.4
19791031	-0.09596	26.4
19791130	0.10283	26.4
19791231	0.05319	35.1
19800131	0.08628	35.1
19800229	0.00414	35.1
19800331	-0.13496	35.1
19800430	0.08321	35.1
19800530	0.08715	35.1
19800630	0.07827	35.1
19800731	0.08897	35.1
19800829	0.0487	35.1
19800930	0.07822	35.1
19801031	0.06067	35.1
19801128	0.11938	35.1
19801231	-0.03001	53.5
19810130	-0.00932	53.5
19810227	0.0237	53.5
19810331	0.09592	58.81
19810430	0.03087	58.81
19810529	0.0653	58.81
19810630	-0.01012	104.37
19810731	-0.00139	104.37
19810831	-0.07671	104.37
19810930	-0.06999	90.44
19811030	0.10449	90.44
19811130	0.04412	90.44
19811231	-0.02535	107.25
19820129	-0.02938	107.25
19820226	-0.02333	107.25
19820331	0	115.78
19820430	0.08283	115.78
19820528	-0.02929	115.78
19820630	0.00365	146.82
19820730	-0.00468	146.82
19820831	0.09238	146.82
19820930	0.03966	231.16
19821029	0.14384	231.16
19821130	0.10888	231.16
19821231	0.03261	458.43
19830131	0.0607	458.43
19830228	0.0612	458.43
19830331	0.06764	797.6
19830429	0.10511	797.6
19830531	0.03291	797.6
19830630	0.05277	1351.9
19830729	-0.0347	1351.9
19830831	-0.02237	1351.9
19830930	0.03351	1477.9
19831031	-0.04349	1477.9
19831130	0.04492	1477.9
19831230	-0.01556	1606
19840131	-0.00911	1606
19840229	-0.06488	1606
19840330	0.01792	1604.11
19840430	-0.00795	1604.11
19840531	-0.06822	1604.11
19840629	0.0323	1617.6
19840731	-0.01581	1617.6
19840831	0.11658	1617.6
19840928	0.00184	1891.91
19841031	0.01284	1891.91
19841130	-0.01207	1891.91
19841231	0.02902	1954.4
19850131	0.10122	1954.4
19850228	0.00701	1954.4
19850329	0.00883	2359.03
19850430	0.00531	2359.03
19850531	0.05406	2359.03
19850628	0.02991	2878.48
19850731	0.00752	2878.48
19850830	0.00489	2878.48
19850930	-0.04686	2961.97
19851031	0.06475	2961.97
19851129	0.08453	2961.97
19851231	0.05188	4136
19860131	0.03937	4136
19860228	0.10343	4136
19860331	0.06731	5998.5
19860430	0.00452	5998.5
19860530	0.03286	5998.5
19860630	0.02384	7270.9
19860731	-0.0667	7270.9
19860829	0.06434	7270.9
19860930	-0.08501	6504
19861031	0.05225	6504
19861128	0.01005	6504
19861231	-0.01483	7405.5
19870130	0.13001	7405.5
19870227	0.07415	7405.5
19870331	0.01286	9843.9
19870430	-0.0162	9843.9
19870529	0.00102	9843.9
19870630	0.0414	10842.3
19870731	0.04887	10842.3
19870831	0.04016	10842.3
19870930	-0.02457	11589.5
19871030	-0.25805	11589.5
19871130	-0.07552	11589.5
19871231	0.09742	7800.1
19880129	0.03965	7800.1
19880229	0.06069	7800.1
19880331	-0.00271	8434.3
19880429	0.01791	8434.3
19880531	-0.00267	8434.3
19880630	0.06835	9257.4
19880729	-0.00648	9257.4
19880831	-0.03178	9257.4
19880930	0.04195	9016
19881031	0.02086	9016
19881130	-0.01349	9016
19881230	0.01965	8971.1
19890131	0.08113	8971.1
19890228	-0.01627	8971.1
19890331	0.02977	9622.2
19890428	0.05026	9622.2
19890531	0.0528	9622.2
19890630	-0.00868	10756.6
19890731	0.08402	10756.6
19890831	0.02616	10756.6
19890929	0.01731	12427.9
19891031	-0.0314	12427.9
19891130	0.01645	12427.9
19891229	0.00626	12699.6
19900131	-0.06449	12699.6
19900228	0.02054	12699.6
19900330	0.02555	13176.9
19900430	-0.02526	13176.9
19900531	0.08894	13176.9
19900629	0.00435	14038.9
19900731	-0.01132	14038.9
19900831	-0.09798	14038.9
19900928	-0.06346	11318.9
19901031	-0.01236	11318.9
19901130	0.07567	11318.9
19901231	0.03103	12325.7
19910131	0.06991	13122.3
19910228	0.08683	14292.5
19910328	0.03397	14805.3
19910430	0.0037	14990
19910531	0.05702	16004.6
19910628	-0.05876	15251.8
19910731	0.06211	16384.4
19910830	0.03074	17227.3
19910930	-0.00378	17276.5
19911031	0.01343	17704.6
19911129	-0.04942	16992.5
19911231	0.11802	19257.1
19920131	0.00044	19424.1
19920228	0.02025	20049.7
19920331	-0.02713	19745.5
19920430	0.01482	20442
19920529	0.00958	20788
19920630	-0.01761	20553.6
19920731	0.02806	21219.9
19920831	-0.02169	20826.5
19920930	0.01147	21046.6
19921030	0.00705	21193.2
19921130	0.02526	21817.3
19921231	0.01939	22268.9
19930129	0.02635	22940
19930226	0.02088	23484.3
19930331	0.03666	24875.4
19930430	0.00979	25345.8
19930528	0.03941	26537.5
19930630	0.01395	27126.3
19930730	0.01103	27804.6
19930831	0.05881	29847.9
19930930	0.01084	30509.8
19931029	0.00066	31024.5
19931130	-0.03295	30614.6
19931231	0.02987	31705.1
19940131	0.03952	33943.1
19940228	-0.00733	33984.7
19940331	-0.04637	33197
19940429	0.01004	34175.4
19940531	-0.01152	34278.3
19940630	-0.04339	33179.4
19940729	0.03347	34147.2
19940831	0.04737	36708.2
19940930	-0.02601	36163
19941031	0.03382	37567.1
19941130	-0.05481	35954.9
19941230	0.01412	36441.5
19950131	-0.01018	36091.3
19950228	0.05611	38217.4
19950331	0.03738	39773.8
19950428	0.04652	41810.7
19950531	0.02796	43208.4
19950630	0.07617	46653.2
19950731	0.07677	50729.4
19950831	0.00868	51613
19950929	0.01852	53038.2
19951031	-0.02577	52310.8
19951130	0.02222	53805
19951229	-0.01076	53702.3
19960131	0.01442	55429.9
19960229	-0.00654	55501.6
19960329	0.00992	56159.9
19960430	0.00651	56019.5
19960531	0.00452	55203.3
19960628	-0.00093	54468.6
19960731	-0.04652	50972.3
19960830	0.02524	51683
19960930	0.04007	53001.4
19961031	0.02367	53244.4
19961129	0.06474	55851.1
19961231	-0.01968	53988.7
19970131	0.04389	55151
19970228	-0.01342	53788.9
19970331	-0.03443	51417.6
19970430	0.04464	52990.8
19970530	0.07134	56264.4
19970630	0.0414	58340.3
19970731	0.08391	62949.7
19970829	-0.04448	60097.1
19970930	0.05885	63775.68
19971031	-0.03405	61752.76
19971128	0.01949	63035.38
19971231	0.01138	63766.16
19980130	0.01081	63958.6
19980227	0.0758	68703.59
19980331	0.05029	72042.39
19980430	0.01158	72959.6
19980529	-0.01976	71534.47
19980630	0.04261	74613.36
19980731	-0.00748	73830.43
19980831	-0.15486	62315.3
19980930	0.06046	65881.99
19981030	0.07701	70600.02
19981130	0.0776	76290.44
19981231	0.09619	83552.07
19990129	0.05247	88181.83
19990226	-0.03193	85857.73
19990331	0.05402	90778.93
19990430	0.02389	93682.26
19990528	-0.02875	91386.01
19990630	0.06517	97594.05
19990730	-0.03367	94598.43
19990831	-0.01236	93561.88
19990930	-0.01478	92186.96
19991029	0.06007	97456.28
19991130	0.02049	99184
19991231	0.07204	105938.51
20000131	-0.04809	100845.93
20000229	0.01	100818.58
20000331	0.09051	109072.99
20000428	-0.04307	104605.97
20000531	-0.03357	100939.75
20000630	0.03857	104718.32
20000731	-0.0124	103536.24
20000831	0.06393	109796.24
20000929	-0.0538	103647.67
20001031	-0.01793	101625.37
20001130	-0.08513	92588.11
20001229	0.00838	93066.88
20010131	0.03252	95834.25
20010228	-0.09368	86540.2
20010330	-0.06396	80177.71
20010430	0.08756	87197.48
20010531	0.01045	88173.13
20010629	-0.02467	86007.34
20010731	-0.0153	84557.97
20010831	-0.06481	78834.21
20010928	-0.08084	71651.69
20011031	0.02372	73285.52
20011130	0.0748	78790.21
20011231	0.01043	79515.17
20020131	-0.03147	76885.83
20020228	-0.01724	75376.13
20020328	0.03377	77766.88
20020430	-0.06358	72473.34
20020531	-0.00209	71892.81
20020628	-0.07669	65860.46
20020731	-0.07186	59855.35
20020830	0.00975	60280.61
20020930	-0.10758	53462.12
20021031	0.09444	58055.97
20021129	0.05007	60873.31
20021231	-0.06453	56750.75
20030131	-0.02761	54728.2
20030228	-0.01211	53720.6
20030331	0.01107	54165.1
20030430	0.08215	58661.8
20030530	0.04417	61169.6
20030630	0.0111	61942.4
20030731	0.01315	62509.9
20030829	0.0166	63346.4
20030930	-0.01477	62268.2
20031031	0.04881	65007.7
20031128	0.00441	64988.7
20031231	0.05231	67995.1
20040130	0.01279	67678.2
20040227	0.01424	68289.2
20040331	-0.01265	66873.3
20040430	-0.01705	65142.6
20040528	0.01051	65301.3
20040630	0.01455	65616.6
20040730	-0.03913	62421.7
20040831	0.0024	61924.9
20040930	0.00948	61520
20041029	0.01537	61721
20041130	0.03313	62550
20041231	0.03114	63295.8
20050131	-0.01879	60397.1
20050228	0.01188	59656.7
20050331	-0.01989	57371.6
20050429	-0.02059	54856.6
20050531	0.03605	55737.8
20050630	0.00039	54894.4
20050729	0.0402	55955.7
20050831	-0.01147	53890.9
20050930	0.00704	52491.6
20051031	-0.01285	50671.9
20051130	0.03349	51336.5
20051230	0.01976	51181
20060131    0.04773     51690.10
20060228    -0.01489    50230.10
20060331    0.02676     50753.00
20060428    0.01915     50963.50
20060531    -0.05096    47552.00
20060630    -0.00736    46615.30
20060731    -0.03127    44468.00
20060831    0.02404     45004.60
20060929    0.01128     44893.00
20061031    0.02913     45403.40
20061130    0.02598     45958.50
20061229    -0.00516    44962.20
