%This file was created by CMPT_ME_PRIOR_RETS using the 200703 CRSP database.  It
%contains a momentum factor, constructed from six value-weight portfolios formed
%using independent sorts on size and prior return of NYSE, AMEX, and NASDAQ stocks.
%Mom    is the average of the returns on two (big and small) high prior return portfolios
%minus the average of the returns on two low prior return portfolios.  The portfolios
%are constructed monthly.  Big means a firm is above the median market cap on the NYSE
%at the end of the previous month; small firms are below the median NYSE market cap.
%Prior return is measured from month -12 to - 2.  Firms in the low prior return
%portfolio are below the 30th NYSE percentile.  Those in the high portfolio are above
%the 70th NYSE percentile.
%
%Missing data are indicated by -99.99 or -999.
%
%          Mom   
192701   0.23
192702  -1.52
192703   3.24
192704   4.53
192705   3.36
192706   0.64
192707   4.05
192708   1.17
192709   1.51
192710  -1.45
192711  -0.49
192712   3.09
192801  -0.29
192802  -1.29
192803   5.07
192804  -3.98
192805   2.12
192806   2.05
192807   2.46
192808   3.88
192809   3.84
192810   4.41
192811   1.23
192812   1.39
192901   2.08
192902   3.12
192903  -0.61
192904   2.07
192905  -2.60
192906   9.41
192907   3.45
192908   5.32
192909   1.57
192910   4.05
192911  -0.90
192912   3.91
193001  -4.49
193002   0.98
193003  -4.56
193004   2.23
193005   0.02
193006   6.43
193007  -2.68
193008   3.61
193009  11.78
193010   7.00
193011  -1.19
193012  13.60
193101 -10.03
193102 -14.48
193103   9.43
193104  11.46
193105   9.22
193106 -17.38
193107   7.97
193108  -3.86
193109   9.98
193110   2.91
193111   7.66
193112  14.64
193201 -10.39
193202   2.06
193203  10.75
193204   7.08
193205  13.04
193206   3.82
193207 -44.84
193208 -50.63
193209   1.49
193210   4.31
193211  -2.85
193212   5.00
193301  -0.95
193302   4.33
193303   3.01
193304 -15.52
193305  -5.45
193306   3.12
193307   0.53
193308   7.23
193309   1.70
193310  -2.35
193311   6.01
193312   3.28
193401  -3.48
193402  -0.67
193403  -1.12
193404  -5.16
193405  -3.34
193406  -0.25
193407   8.86
193408   2.98
193409  -0.18
193410   6.58
193411   4.97
193412   4.98
193501   3.40
193502  13.57
193503   2.29
193504  -4.79
193505  -3.92
193506   3.14
193507  -4.58
193508  -8.35
193509   8.66
193510   2.28
193511  -5.23
193512   3.56
193601  -3.82
193602   2.37
193603   1.42
193604  -7.75
193605   2.76
193606   0.55
193607   3.36
193608   0.57
193609   0.87
193610   1.41
193611   2.11
193612   1.73
193701  -1.51
193702   2.92
193703   2.41
193704  -3.50
193705   0.69
193706   1.28
193707  -0.01
193708  -1.55
193709  -7.21
193710  -1.27
193711   0.16
193712   4.34
193801  -0.82
193802  -3.00
193803  16.11
193804  -9.06
193805   6.71
193806 -24.25
193807  -5.27
193808   3.61
193809   2.35
193810  -7.70
193811   4.27
193812   1.91
193901  -3.07
193902   3.41
193903  -1.54
193904   3.02
193905   3.94
193906   1.59
193907   0.09
193908   5.13
193909 -31.03
193910   6.56
193911  -0.03
193912   5.14
194001   1.81
194002   1.62
194003  -0.17
194004   3.36
194005   3.03
194006  -2.37
194007   0.59
194008  -1.87
194009  -0.30
194010  -6.01
194011   1.59
194012   3.34
194101  -4.48
194102   0.83
194103   2.08
194104   3.00
194105   2.80
194106  -0.68
194107  -2.43
194108   0.27
194109  -1.64
194110   5.34
194111   3.91
194112   0.33
194201  -3.72
194202  -0.86
194203  -0.59
194204  -0.49
194205  -4.83
194206  -1.52
194207   0.85
194208  -0.09
194209  -0.09
194210  -3.66
194211  -1.26
194212   3.33
194301  -0.35
194302  -1.89
194303   4.49
194304   6.40
194305   5.37
194306  -1.41
194307  -4.65
194308   0.30
194309   1.89
194310  -0.12
194311  -4.77
194312   6.19
194401   0.64
194402   0.42
194403   2.74
194404   0.48
194405   1.94
194406  -5.19
194407   0.11
194408   4.62
194409  -1.40
194410  -1.34
194411   1.43
194412   3.10
194501   0.05
194502   2.99
194503  -3.02
194504   4.24
194505   0.03
194506   4.10
194507  -2.43
194508  -1.93
194509   1.35
194510   0.14
194511   4.20
194512   1.42
194601   4.11
194602  -1.81
194603   2.25
194604   2.66
194605  -0.55
194606  -2.44
194607  -0.07
194608  -0.16
194609   1.00
194610   0.68
194611   0.08
194612   0.25
194701  -6.17
194702  -0.46
194703   4.10
194704   4.86
194705   3.31
194706  -1.61
194707  -3.11
194708   3.53
194709  -0.07
194710   1.58
194711   4.39
194712   3.55
194801  -4.14
194802   1.49
194803  -0.20
194804   4.00
194805   2.34
194806   3.98
194807  -1.53
194808   0.24
194809  -1.27
194810   2.80
194811   0.81
194812   4.63
194901  -2.90
194902  -0.44
194903  -0.96
194904   3.09
194905   3.16
194906  -1.14
194907  -1.53
194908   1.56
194909  -1.42
194910  -0.14
194911   1.28
194912  -0.75
195001  -2.30
195002   1.44
195003   1.51
195004   0.41
195005   0.38
195006  -1.67
195007  -0.46
195008   3.19
195009  -0.03
195010   1.37
195011   3.68
195012   4.91
195101   2.05
195102  -1.67
195103  -2.99
195104   6.04
195105  -0.85
195106  -2.41
195107   7.30
195108   0.90
195109   0.50
195110  -0.31
195111   0.69
195112   1.76
195201   1.37
195202  -0.74
195203   1.63
195204  -2.11
195205   0.51
195206   1.49
195207  -0.50
195208   0.31
195209   1.75
195210   2.76
195211   0.42
195212   1.55
195301   0.70
195302   0.87
195303   0.10
195304   1.88
195305   0.95
195306   0.03
195307  -0.26
195308   2.19
195309   2.87
195310   0.31
195311   1.86
195312   5.22
195401  -5.78
195402   1.02
195403   2.04
195404   4.95
195405  -1.90
195406   3.49
195407   0.63
195408  -0.81
195409   1.73
195410   0.99
195411   1.84
195412  -1.35
195501   1.36
195502   1.04
195503   1.05
195504  -0.16
195505   0.57
195506   4.71
195507  -1.21
195508   1.74
195509   1.80
195510  -0.55
195511   2.71
195512  -1.30
195601  -1.51
195602   2.00
195603   3.66
195604   2.55
195605  -1.69
195606   2.72
195607   2.47
195608  -0.51
195609  -0.70
195610   2.45
195611   3.44
195612   3.79
195701  -3.09
195702   0.32
195703  -0.22
195704   0.95
195705   0.12
195706   0.74
195707   0.10
195708   0.31
195709   0.58
195710   1.81
195711   1.28
195712   7.76
195801  -7.75
195802   3.75
195803  -1.94
195804   1.85
195805  -1.85
195806  -0.87
195807  -3.60
195808   0.26
195809  -1.12
195810   3.18
195811   1.56
195812  -0.72
195901  -0.23
195902   3.38
195903   0.08
195904   3.14
195905   1.49
195906   2.91
195907  -0.38
195908  -0.96
195909   0.81
195910   3.49
195911   2.38
195912   0.95
196001  -3.36
196002   3.94
196003   1.46
196004   2.83
196005   4.80
196006   0.97
196007  -0.77
196008   1.82
196009   0.31
196010   1.25
196011   3.65
196012   1.50
196101  -4.03
196102   1.06
196103   4.06
196104   3.48
196105  -1.55
196106   0.26
196107   0.28
196108   1.62
196109   0.75
196110   3.19
196111   1.34
196112  -2.24
196201  -2.05
196202  -0.98
196203   1.83
196204   2.88
196205   0.43
196206   6.43
196207   0.66
196208  -0.59
196209   3.94
196210   0.73
196211  -7.16
196212   5.86
196301  -2.10
196302   2.52
196303   1.58
196304   0.00
196305   0.38
196306   1.17
196307   1.04
196308   1.10
196309   0.15
196310   3.14
196311  -0.78
196312   1.67
196401   1.07
196402   0.24
196403   0.77
196404  -0.59
196405   2.62
196406   0.49
196407  -0.31
196408  -0.19
196409  -0.40
196410   0.16
196411   1.10
196412  -0.71
196501  -1.37
196502   0.32
196503   0.10
196504   2.57
196505   0.54
196506  -3.16
196507   4.08
196508   2.56
196509   3.30
196510   3.43
196511   4.41
196512   0.11
196601   5.38
196602   4.54
196603   1.36
196604   6.15
196605  -4.70
196606   3.34
196607  -1.38
196608  -2.10
196609  -1.76
196610  -5.13
196611   5.68
196612   1.07
196701  -6.76
196702   3.57
196703   1.43
196704   0.62
196705   0.58
196706   6.03
196707  -1.07
196708  -1.42
196709   2.54
196710   3.63
196711   1.29
196712   3.23
196801  -4.65
196802  -3.39
196803   3.17
196804   5.12
196805   3.76
196806  -1.88
196807  -0.90
196808   1.88
196809  -0.59
196810  -1.44
196811   1.73
196812   0.28
196901  -0.15
196902  -2.42
196903   4.02
196904   1.16
196905   1.63
196906  -2.28
196907   1.70
196908   2.17
196909   2.50
196910  -4.32
196911   3.64
196912   4.97
197001   0.60
197002   0.18
197003  -0.24
197004  -0.70
197005  -2.63
197006   5.76
197007  -3.12
197008  -6.45
197009  -8.90
197010   9.54
197011   2.86
197012  -2.21
197101  -6.60
197102   0.77
197103  -1.35
197104   1.45
197105   0.89
197106   2.73
197107  -2.38
197108   3.53
197109   2.12
197110   0.50
197111   1.49
197112  -0.62
197201   0.29
197202   2.54
197203   2.90
197204   2.69
197205   3.28
197206   1.94
197207   2.75
197208  -5.37
197209   1.76
197210   0.75
197211  -5.17
197212   5.00
197301   3.73
197302   2.10
197303   3.65
197304   6.35
197305   7.11
197306   4.34
197307 -11.55
197308   3.46
197309  -7.03
197310   6.77
197311   8.66
197312  10.32
197401  -8.91
197402   0.14
197403  -0.93
197404   2.14
197405  -0.37
197406   2.33
197407   3.09
197408   2.99
197409   4.14
197410  -0.76
197411   2.19
197412   2.94
197501 -13.83
197502  -0.56
197503  -1.98
197504   1.37
197505  -0.55
197506   0.06
197507   0.43
197508  -0.15
197509   0.39
197510  -0.12
197511  -0.45
197512  -0.13
197601   4.47
197602   0.36
197603   0.18
197604   0.49
197605  -1.11
197606  -0.44
197607  -0.10
197608  -0.85
197609   0.22
197610  -0.45
197611   2.94
197612   0.78
197701   3.96
197702   0.38
197703   0.54
197704   4.21
197705   2.11
197706   1.78
197707   0.36
197708  -1.69
197709   2.07
197710  -0.06
197711   2.21
197712   1.59
197801  -0.69
197802   1.97
197803   1.31
197804   0.82
197805   2.87
197806   2.77
197807   4.18
197808   2.87
197809  -3.13
197810  -8.38
197811   5.42
197812   3.05
197901  -1.40
197902  -1.08
197903   2.90
197904   0.76
197905  -0.57
197906   0.84
197907  -1.10
197908  -0.24
197909   5.33
197910   2.15
197911   7.95
197912   4.78
198001   7.50
198002   7.88
198003  -9.58
198004  -0.43
198005  -1.11
198006   1.59
198007   0.39
198008   3.21
198009   5.43
198010   7.34
198011  15.21
198012  -6.64
198101  -7.94
198102  -1.38
198103   0.75
198104  -0.94
198105   3.75
198106  -5.91
198107  -2.47
198108  -1.11
198109   2.02
198110   4.10
198111  -0.28
198112   1.32
198201   1.70
198202   4.88
198203   2.92
198204  -0.43
198205   2.53
198206   4.99
198207   4.44
198208  -3.52
198209   4.18
198210   0.03
198211   5.92
198212   0.02
198301  -1.69
198302   3.80
198303   0.92
198304   1.80
198305  -1.58
198306   1.78
198307  -3.15
198308  -5.44
198309  -0.09
198310  -4.54
198311  -0.17
198312   0.81
198401  -2.47
198402   0.20
198403   1.04
198404   2.11
198405   1.65
198406  -0.68
198407   2.87
198408  -5.63
198409   3.69
198410   3.21
198411   1.67
198412   1.51
198501  -6.93
198502   1.82
198503   1.69
198504   3.04
198505   3.97
198506   3.62
198507  -3.93
198508   1.77
198509   1.48
198510   4.87
198511  -0.46
198512  -0.09
198601   2.95
198602   2.70
198603   2.46
198604  -0.50
198605   2.03
198606   5.14
198607   1.80
198608  -5.02
198609  -5.86
198610   2.71
198611  -0.31
198612   0.37
198701   2.12
198702  -2.18
198703   1.62
198704   0.23
198705  -0.73
198706  -0.20
198707   2.66
198708  -0.87
198709   0.71
198710  -7.90
198711  -1.17
198712   5.78
198801  -7.63
198802  -1.54
198803   0.64
198804   2.28
198805   0.67
198806  -2.93
198807   0.62
198808   0.31
198809   0.26
198810   1.31
198811   0.41
198812   0.43
198901  -0.14
198902   0.87
198903   3.55
198904   1.71
198905   1.55
198906   0.67
198907   5.40
198908  -0.16
198909   3.37
198910   1.41
198911   2.58
198912   2.79
199001  -3.29
199002  -0.55
199003   1.66
199004   2.44
199005   3.02
199006   2.40
199007   5.95
199008   1.79
199009   5.52
199010   6.73
199011  -5.69
199012   0.15
199101  -6.52
199102  -4.81
199103   2.80
199104  -2.39
199105  -0.12
199106   0.46
199107   4.35
199108   1.58
199109   1.73
199110   3.21
199111   1.24
199112   8.29
199201  -2.48
199202  -0.68
199203  -0.34
199204  -2.54
199205   0.09
199206  -0.59
199207   1.45
199208  -0.52
199209   1.43
199210   2.71
199211  -0.25
199212   4.47
199301   4.82
199302   3.07
199303   3.72
199304   0.33
199305   0.27
199306   4.51
199307   3.19
199308   2.53
199309   3.41
199310  -2.70
199311  -4.70
199312   2.28
199401   0.01
199402  -0.28
199403  -1.32
199404   0.38
199405  -2.21
199406  -0.84
199407   0.18
199408   1.54
199409   1.31
199410   1.48
199411  -0.19
199412   3.51
199501  -1.83
199502  -0.35
199503   0.42
199504   1.82
199505  -0.44
199506   2.91
199507   2.54
199508   0.10
199509   2.76
199510   4.15
199511  -0.61
199512   2.51
199601   0.56
199602   0.66
199603  -1.88
199604  -0.92
199605   1.61
199606   0.99
199607  -0.17
199608  -0.04
199609   2.69
199610   3.85
199611  -2.39
199612   0.57
199701   1.95
199702  -2.04
199703   0.98
199704   4.89
199705  -5.19
199706   2.58
199707   3.81
199708  -2.52
199709   1.47
199710  -0.43
199711   0.29
199712   3.95
199801   0.19
199802  -1.14
199803   2.11
199804   0.77
199805   1.81
199806   7.30
199807   3.73
199808   1.89
199809  -0.64
199810  -5.36
199811   1.21
199812   8.94
199901   3.00
199902  -0.11
199903  -1.36
199904  -9.12
199905  -5.24
199906   4.98
199907   1.63
199908   3.06
199909   6.50
199910   5.52
199911   5.62
199912  13.02
200001   1.82
200002  18.40
200003  -6.78
200004  -8.48
200005  -9.13
200006  16.41
200007  -0.06
200008   5.74
200009   2.16
200010  -4.75
200011  -2.49
200012   6.85
200101 -25.05
200102  12.66
200103   8.39
200104  -8.10
200105   2.15
200106   0.28
200107   5.59
200108   5.45
200109  11.53
200110  -8.42
200111  -8.60
200112  -0.01
200201   3.74
200202   6.85
200203  -1.70
200204   7.88
200205   3.22
200206   6.15
200207   3.41
200208   1.70
200209   9.16
200210  -5.28
200211 -16.27
200212   9.65
200301   1.53
200302   1.29
200303   1.51
200304  -9.48
200305 -10.81
200306  -1.01
200307  -0.35
200308  -0.54
200309  -0.05
200310   3.71
200311   1.64
200312  -5.67
200401   2.56
200402  -1.11
200403   0.20
200404  -5.35
200405   1.64
200406   2.08
200407  -2.32
200408  -1.55
200409   5.29
200410  -1.54
200411   3.24
200412  -2.80
200501   3.10
200502   3.19
200503   0.55
200504  -0.84
200505   0.45
200506   2.10
200507   0.08
200508   2.23
200509   3.50
200510  -1.44
200511   0.42
200512   0.75
200601   2.82
200602  -1.78
200603   1.30
200604   0.68
200605  -3.70
200606   1.51
200607  -2.24
200608  -3.50
200609  -0.98
200610  -0.21
200611  -1.03
200612   0.81
  1963  11.80
  1964   4.88
  1965  20.41
  1966  10.41
  1967  22.42
  1968   2.62
  1969   9.95
  1970  -3.26
  1971   3.72
  1972  15.28
  1973  29.42
  1974   8.00
  1975 -18.74
  1976   7.47
  1977  18.16
  1978  11.95
  1979  26.33
  1980  37.16
  1981  -8.14
  1982  34.48
  1983  -9.94
  1984   9.25
  1985  14.68
  1986   8.28
  1987  -3.87
  1988  -5.50
  1989  27.93
  1990  17.56
  1991  14.60
  1992   3.23
  1993  23.45
  1994   3.18
  1995  17.82
  1996   6.39
  1997  11.85
  1998  23.47
  1999  34.59
  2000  14.88
  2001   4.38
  2002  25.88
  2003 -24.60
  2004  -0.41
  2005  15.00
  2006  -7.64