%  Value Weight Average Returns -- Annual
%                    Small                                 2                                  3                                  4                                Big                
%        Low     2      3      4    High    Low     2      3      4    High    Low     2      3      4    High    Low     2      3      4    High    Low     2      3      4    High 
1927  50.49  35.89  19.60  33.13  40.75  50.26  38.44  35.99  32.91  47.59  24.91  27.94  34.31  26.55  58.13  40.66  42.16  23.53  26.05  40.39  46.12  29.33  22.51  26.32  29.27
1928  10.41  32.26  43.00  33.88  74.14  17.88  46.48  27.35  37.40  50.95  47.45  59.39  56.88  25.30  22.17  57.82  41.82  24.37  38.03  20.93  48.85  36.02  35.38  16.78  38.32
1929 -51.51 -57.82 -56.50 -48.25 -44.86 -51.57 -40.40 -34.90 -37.75 -33.69 -45.82 -28.41 -15.44 -24.67 -20.13 -29.62 -33.52 -12.16 -12.91  -5.08 -20.09  -1.92   1.44   3.78   1.01
1930 -53.01 -70.19 -46.60 -46.41 -49.61 -50.86 -32.09 -33.89 -45.78 -45.33 -29.14 -29.00 -32.09 -32.14 -50.28 -35.58 -35.52 -38.64 -38.21 -44.42 -25.10 -25.97 -25.56 -39.67 -73.83
1931 -80.35 -46.38 -44.83 -50.46 -51.41 -36.29 -46.20 -41.54 -45.32 -51.76 -41.62 -48.41 -46.68 -53.34 -54.52 -39.99 -38.10 -49.50 -58.52 -57.25 -35.93 -45.02 -67.52 -64.76 -41.60
1932  -4.39 -46.99  16.30   4.20  11.09 -27.55 -27.84 -11.06   7.75  22.58  -7.46  -8.78 -10.23 -15.08 -16.26  -2.02  -8.45 -11.58  22.71  -4.37 -11.14   1.07 -17.00 -29.95 120.85
1933   5.57 226.44 124.74 171.94 182.07 132.68 117.97 136.94 155.37 113.67 119.73  97.39 101.58  99.07 128.02  77.65 117.73 107.61 109.14 169.64  37.60  60.30  78.44 101.50  47.23
1934  35.45  17.78  39.32  36.53  12.46  48.06  31.62  12.43  10.47   4.77  51.40  27.26  23.34  22.17 -19.37  15.40  24.28  18.69   0.19 -31.78  10.35  -0.02  -9.28 -19.97 -25.54
1935  61.75   1.67  79.74  93.23  69.97  56.39  78.36  86.20  68.18  44.91  47.38  51.32  73.85  46.22  49.96  37.06  40.76  38.64  47.57  12.97  44.83  44.95  45.82  35.15  61.90
1936  26.24  19.34  83.57  84.62  71.70  31.84  60.46  40.81  56.76  66.94  32.17  40.13  60.30  66.38  78.98  25.14  20.59  49.58  67.53  39.47  27.54  24.72  34.72  55.79  35.13
1937 -61.99 -67.91 -61.49 -45.48 -53.51 -53.07 -50.94 -49.65 -51.09 -56.76 -46.67 -49.06 -45.12 -39.90 -52.26 -34.27 -38.86 -42.78 -51.81 -42.52 -33.26 -35.83 -27.05 -33.69 -38.37
1938  32.93  -1.79  47.47  32.30   4.62  49.20  42.08  40.63  33.33  33.54  47.67  59.21  39.67  27.88  29.62  40.46  41.03  44.66  25.79  36.43  35.23  25.71  13.51  26.72  28.58
1939  10.53 -21.07   1.87 -11.11   0.85   4.16   2.00  -2.67   3.33 -13.23   6.91  13.20   4.83  -3.86  10.40   4.38  -3.49 -12.30   5.56 -26.13   5.16   4.46   3.70  -9.34 -14.07
1940 -12.10 -25.90 -19.01 -13.77  -8.56  -2.07   3.60  -4.66   2.06 -13.20   1.07   1.81  -1.81  -0.09 -20.54  -7.93  -7.71  -5.13   1.21 -15.87 -10.18  -5.58  -4.31  -4.75  -4.79
1941 -49.26 -27.90 -17.00 -14.41  -0.90 -16.34  -9.49 -17.81  -2.27  -3.38 -21.47 -12.88  -8.25  -6.35  -0.81  -7.61 -13.06  -9.30  -2.48   7.85 -12.40 -14.16   0.95  -7.31  -3.60
1942  28.07  24.85  28.22  40.01  39.99  20.89  27.67  25.36  27.71  38.52  24.10  16.35  12.06  28.37  27.41  15.36  18.09  20.94  19.66  49.55  16.36  11.19  13.57  27.20  39.19
1943  63.72  53.10  74.26  96.50 124.94  68.31  51.90  59.96  87.06  97.12  32.83  30.77  49.36  55.79  89.96  21.25  37.42  31.46  52.96  55.85  17.04  27.74  37.47  31.54  42.64
1944  65.30  53.80  57.60  56.04  71.97  41.67  41.80  32.93  30.06  65.54  28.87  43.78  32.39  36.64  58.97  19.31  27.57  27.86  47.77  45.45  16.13  14.03  21.73  24.52  55.93
1945 113.93  78.22  78.78  73.85  85.41  77.12  56.00  56.25  69.25  94.02  52.96  50.20  52.46  65.35  47.86  44.89  51.12  61.94  56.89  90.22  31.06  29.49  34.93  39.71  42.50
1946 -12.37 -17.83  -6.01 -14.26 -12.57 -17.94  -6.00 -11.56  -9.33  -7.64 -14.79  -3.88  -5.12  -6.89  -9.51  -3.00  -3.48  -1.35  -7.52 -12.88  -9.70  -7.35  -1.22   2.25 -11.03
1947  -8.01  -6.96  -7.78  -5.18   7.86 -13.73   0.05   0.29  -3.19  12.34  -2.44  -3.57  -0.60   5.47   7.47  -0.57  -1.19   3.49  -2.44   2.09   4.31   6.16  -0.83  10.93   7.83
1948  -6.76  -8.52 -10.90 -12.37   0.17 -11.10  -5.41  -5.80  -2.53   5.46  -5.69  -5.39  -1.36  -6.43  -4.23  -1.48   0.82   3.57  -4.60   3.35   3.27   2.76   5.16  -3.76   6.08
1949  15.41  20.80  21.57  19.22  22.77   7.63  25.29  19.64  24.80  14.50  31.76  19.77  21.32  21.52  18.62  26.57  21.55  30.66   8.55  29.61  26.14  11.81  15.58  21.66  13.88
1950  24.12  27.55  44.22  39.84  57.89  45.32  32.85  40.65  34.77  61.45  18.98  17.18  34.41  38.59  71.49  22.49  18.81  33.75  42.13  64.85  25.37  21.10  36.69  50.05  49.69
1951  16.08  13.15   5.84   6.92   5.79  14.82  18.36  10.71  14.16  10.46   9.62  23.26  14.99  13.69   8.12  20.71  24.30  18.54  16.83  13.38  20.75  17.85  35.14  18.93  16.07
1952 -14.40   6.44   6.08   4.29   5.45   7.57   3.61  11.22  12.12  11.03  11.71  13.80  10.58   6.50  13.54   9.44  13.21   9.11  12.16  24.42  12.95  17.71  11.43  18.24  23.51
1953 -17.50 -14.61  -0.36  -4.90  -6.20  -3.08  -2.97   3.24  -6.57  -8.29   5.82   1.32  -2.16  -2.93 -10.60   1.04  -1.30   3.39  -5.74  -8.43   3.95  -0.56   1.05  -5.77 -13.12
1954  29.76  65.34  46.89  65.23  70.34  34.50  46.51  63.58  62.80  58.16  46.99  51.60  60.51  67.04  61.37  42.88  50.16  73.41  59.15  74.27  48.50  41.93  57.45  72.77  72.52
1955  10.84  30.51  15.72  26.93  27.00  -1.22  17.79  17.89  14.66  25.39  28.63  15.51  25.20  25.39  23.83  19.41  20.36  19.83  15.43   9.15  29.82  25.56  23.10  31.98  24.35
1956  -6.49  -8.07  -0.30   9.18   6.58  -2.83  11.12   6.88   8.21  10.23  10.87   6.21  15.33  10.93   0.17   9.20   8.57   7.56   5.19   1.00   5.34  13.37  15.64   9.75  -1.37
1957 -13.69 -20.89 -13.84 -12.40 -13.95 -17.56 -12.20  -7.73 -21.00 -16.01 -11.82 -14.01 -12.89 -17.01 -14.23 -11.09 -10.40  -7.56 -22.01 -25.06  -8.51 -10.02  -5.39 -20.86 -25.44
1958  80.21  82.66  62.35  61.11  69.36  79.30  69.63  49.59  64.16  89.80  50.81  51.98  53.08  64.40  82.72  53.75  47.42  59.13  60.11  85.89  40.41  38.91  48.94  40.29  67.67
1959   9.36  30.90  18.14  25.54  20.80  25.09  15.14  20.85  18.31  20.39  19.63  22.85  18.47  24.94  13.44  12.14  15.17  18.07  18.85   9.68  16.52   4.19   9.39   4.38  22.57
1960 -21.40 -13.43  -5.39   1.03  -5.25  -6.71  -1.34  -0.75   0.91  -8.35   4.43   3.55  -1.57  -0.53 -19.16   5.93   6.67  -0.71  -0.99 -17.73  -2.60  -2.70  17.91  -7.18 -12.05
1961  28.61  39.28  24.43  32.40  28.39  22.45  28.64  32.32  35.51  41.63  23.26  29.12  23.48  35.21  23.99  26.38  29.84  36.73  26.78  23.52  23.55  30.35  25.97  20.93  31.70
1962  -7.69 -22.05 -11.91 -11.41  -9.35 -23.10 -14.53 -16.85  -9.54 -10.03 -18.86 -11.09 -16.20 -16.72  -8.25 -20.45 -10.89  -8.93 -10.56  -0.83 -14.43  -6.65  -0.95  -5.84  -3.95
1963  25.31   4.90  11.38  14.59  32.94   3.08  17.12  11.75  23.47  32.21   5.42  13.47  17.57  21.56  25.84   9.18  11.81  18.41  36.72  34.69  23.33  18.17  19.71  26.77  32.66
1964  13.96  14.14  19.84  13.72  26.41   7.48   5.35  25.86  15.35  28.47   5.21  18.78  20.91  25.29  23.53   9.77  22.07  21.16  33.12  20.43  17.06  12.06  19.48  19.17  16.51
1965  27.77  44.41  28.58  41.20  48.50  33.84  31.14  30.79  37.42  37.31  29.85  31.32  35.19  30.47  43.18  23.63  23.03  24.57  24.01  38.68  16.23   0.32  12.17  15.64  15.14
1966  -4.11 -11.88  -8.33  -1.86  -5.48  -9.37  -2.10  -6.24 -11.14  -4.94  -4.48  -7.91  -1.41  -3.00 -12.43   0.28  -4.82  -5.93  -2.50 -13.44 -11.53 -11.49  -3.67  -4.20 -12.83
1967 138.19 105.73  91.83  94.05  88.02  80.22  62.12  96.12  73.45  61.11  56.48  55.18  42.44  58.18  48.75  38.51  19.08  30.58  45.72  45.34  30.53  17.57   8.41  22.33  24.28
1968  40.97  52.25  48.91  45.32  59.24  26.59  29.67  34.20  37.53  36.52  20.27  29.01  24.35  39.91  47.14   8.58  20.77  16.62  30.34  30.09   2.41   4.91  16.46  16.23  25.66
1969 -33.36 -33.41 -30.22 -28.64 -33.17 -21.11 -24.73 -21.93 -23.67 -18.82 -17.75 -17.73 -19.62 -17.20 -22.56  -0.83 -20.91 -10.32 -19.13 -24.56   7.84  -9.59 -12.13 -18.06 -17.81
1970 -33.28 -19.72 -12.74  -1.68  -0.90 -20.98  -6.48 -10.48  12.93   9.11 -20.81  -5.21  -6.30   7.83   3.93 -11.25  -6.01   5.11  14.25   3.84  -8.81   3.26   6.23  14.66   9.18
1971  23.22  18.82  16.20  20.68  13.77  28.47  26.02  25.96  14.53  15.40  26.48  28.31  19.91  11.27  20.97  35.43  22.04  11.80  18.53  18.18  24.04  11.98   3.65   3.76  21.29
1972  -8.12  -2.77  -5.95   2.58   9.62   0.59   0.87  13.94   3.65  17.11  15.21   5.92   9.63  10.34   4.57   7.92   0.40  10.66  13.92  11.45  24.60  13.51  10.49  19.03  10.70
1973 -52.10 -42.54 -37.93 -31.02 -30.88 -49.74 -42.58 -32.03 -27.97 -25.76 -44.64 -33.56 -27.11 -18.90 -21.32 -38.28 -31.88 -12.02 -15.75  -8.02 -20.13 -15.06  -6.07  -5.06   0.36
1974 -33.39 -30.75 -24.35 -23.89 -17.13 -35.35 -23.93 -25.76 -22.77 -15.57 -34.84 -31.68 -22.32 -24.39 -11.18 -35.96 -28.90 -22.06 -20.27 -25.84 -30.44 -21.22 -20.47 -20.29 -29.90
1975  64.45  79.39  63.71  64.48  65.74  64.24  62.79  50.09  59.02  48.28  41.09  59.18  49.25  59.45  38.90  42.03  50.07  53.07  68.34  61.70  30.85  46.75  26.73  48.54  37.87
1976  46.32  40.68  47.68  53.45  59.83  33.29  38.68  44.52  53.10  70.55  29.73  42.56  47.96  52.78  59.43  21.91  37.60  48.95  46.79  53.63  12.16  32.72  40.73  35.33  45.33
1977  23.20  24.91  25.22  25.52  31.23  16.22  16.34  14.33  19.66  18.17  10.74  14.30  11.93  13.13  11.58  -2.37   1.36   4.73   5.26   3.56 -10.97  -9.88  -0.46  -2.00  -2.81
1978  27.31  23.53  25.84  20.96  26.03  18.53  12.91  18.73  26.40  18.94  13.74  12.90  14.53   7.53  18.06   7.99   7.44   6.13   9.39  10.65   6.93   3.44   9.34   2.45  -1.94
1979  55.96  48.43  28.69  45.42  39.69  54.57  41.29  30.28  30.37  40.15  41.07  34.77  29.96  32.46  46.99  36.95  31.12  30.52  23.05  28.83   7.64  30.18  17.73  25.51  17.64
1980  64.84  39.12  35.33  25.08  27.60  53.17  47.15  24.50  27.53  20.97  48.89  32.16  27.41  22.80  11.35  51.70  40.04  27.91   8.03  14.33  33.30  38.96  43.12  21.03  18.36
1981 -25.08   4.85  14.12  18.74  16.86 -10.86   7.05  14.18  18.82  20.13  -6.39   6.41   9.55  11.98  18.13  -3.99  -1.38   8.85   9.91  12.37  -8.49  -8.56 -18.20   6.42  16.43
1982  17.22  32.36  40.75  35.85  40.51  13.98  32.93  30.73  35.07  41.81  20.04  39.73  30.05  28.50  49.67  16.07  16.82  28.86  28.59  41.30  23.42  14.80  16.24  25.41  20.86
1983  13.18  37.58  45.47  46.31  59.19  15.02  29.01  39.35  48.04  46.24  16.89  30.18  40.27  37.09  43.62  18.52  22.48  26.66  27.27  31.92  15.78  15.74  22.59  25.20  23.63
1984 -25.09  -9.90  -6.63   0.10   4.31 -19.22  -2.43   5.24   7.29  11.99  -8.31   3.94   3.42   4.41  10.17  -6.35  -1.70   2.94   2.89  14.07   0.22   8.47   5.75   9.07  23.32
1985  20.59  30.90  31.38  28.78  26.57  28.67  32.35  41.66  42.70  26.73  30.19  32.85  29.70  33.71  39.35  33.34  27.88  35.99  30.39  37.14  31.08  37.74  34.46  28.91  31.56
1986  -3.52   3.41   5.41  12.58   9.74   2.46   8.28  11.24  17.60   9.82  12.10  12.87  12.44  21.28  19.61  11.84  17.59  16.83  21.87  17.84  13.88  22.10  16.02  18.20  26.89
1987 -24.59 -14.01  -8.61  -7.14  -3.52 -12.96  -6.09  -4.34  -3.81  -6.15  -4.62  -0.61  -3.75  -0.53  -3.73   6.35  -0.96  -1.47   2.71  -3.52   9.42   4.04   1.98   3.28   0.51
1988   9.43  25.83  27.49  25.45  25.69  11.72  34.46  32.30  28.85  36.37  13.33  19.00  20.40  29.40  30.47  12.11  18.26  21.61  20.27  39.76  10.34  17.09  14.96  21.39  27.63
1989   7.86  14.27   9.20  17.91  10.11  20.12  19.77  21.86  17.18  17.31  22.73  19.92  13.79  24.47  19.98  29.45  26.44  15.72  29.39  40.79  37.70  25.27  33.90  32.39  28.47
1990 -28.08 -25.20 -19.31 -19.31 -31.06 -17.00 -18.46 -16.13 -12.63 -27.44 -10.09 -11.49 -13.96 -20.01 -21.32  -0.57 -10.53 -19.22 -13.25 -15.97   6.48  -0.59  -3.81 -15.01 -13.79
1991  61.95  53.20  48.35  41.99  44.12  55.50  35.71  48.29  36.81  38.59  56.97  45.72  34.84  49.48  37.53  50.14  26.47  42.40  40.62  37.26  48.44  20.79  17.60  29.23  19.37
1992  -4.65  22.61  16.50  27.73  37.98   2.59  13.60  23.22  27.76  38.01   8.18  20.59  22.47  26.41  40.01   7.06  14.72  16.39  21.44  25.05   1.94  15.69  10.16   6.33  36.48
1993   1.20  12.36  19.16  21.49  37.62   5.46  17.19  23.44  18.87  26.75   7.69  20.57  20.88  19.22  27.20  10.32  21.68  19.67  14.23  16.46  -5.40  12.28  15.52  17.19  36.21
1994 -22.41  -1.38  -4.89   0.91   3.03  -3.35  -1.66  -0.37   0.94  -2.52  -0.58   0.14   1.86  -3.17   4.97  -1.10   0.30  -2.94  -2.34  -9.36   4.81  -1.50   5.96  -4.14  -7.39
1995  31.70  39.92  28.09  27.27  35.59  31.94  24.08  26.67  35.53  33.84  37.78  16.30  29.19  34.04  29.60  35.11  29.02  29.60  35.93  33.27  39.52  37.30  36.81  41.66  44.63
1996   0.64  13.81  23.54  32.06  24.56  10.07  16.19  16.92  28.13  27.47   4.92  19.64  21.90  23.43  11.17  14.83  20.37  21.16  20.58  20.35  24.26  21.79  26.26  23.21  19.88
1997   3.87  15.69  28.35  39.62  38.95   5.10  20.06  28.40  39.37  35.40   8.14  29.42  34.94  38.56  38.33   8.69  25.21  36.44  35.18  29.98  35.21  31.39  34.63  33.22  32.80
1998  -9.75  -7.29  -6.10  -5.69  -5.35   0.38   2.55 -10.57  -3.68  -1.26   9.96  -6.20  -2.79  -8.49   2.71  10.28   4.37   2.20   6.25   9.70  48.07  19.16   6.54  21.07  36.48
1999  67.29  58.13  35.50  32.77  21.89  51.64  24.83  11.94   2.23  -0.43  44.56  23.94  -2.74  -4.57   8.16  68.38   9.53   4.58   7.84  12.80  25.24  17.49   5.06  -8.34   0.15
2000 -36.42  -5.11   8.00  16.71   8.04 -29.57   6.57  10.85  14.22  30.84 -34.56  17.77  21.78  36.59  44.74 -14.54  30.23  31.04  32.97  15.22 -14.15   2.90  10.00  18.02   2.43
2001  11.25  21.52  30.41  41.93  31.59  -0.21  16.18  12.41  17.15  21.11  -5.73  -1.66   4.50   4.52  23.06  -8.00   1.88   5.18   7.10   2.70 -16.32  -5.54   3.10  -9.76   9.22
2002 -45.77 -24.28 -12.37   1.77   1.20 -35.86 -25.52  -9.59  -9.83 -19.62 -27.43 -18.01 -11.84 -10.95 -13.79 -26.81  -9.92 -13.26 -17.35 -24.05 -23.95 -16.00 -11.87 -12.75 -47.22
2003  75.59  71.35  60.59  66.21  89.71  53.36  42.32  43.97  50.04  56.58  46.26  36.55  33.15  51.02  63.90  38.75  37.38  44.92  49.20  37.43  25.22  30.96  32.87  16.77  34.67
2004   6.06  15.55  19.39  14.92  20.46  16.91  21.25  22.40  20.09  34.29  12.75  23.27  19.02  15.28  21.16  14.77  13.98  23.95  19.85  25.24   6.28  12.20  13.27  14.50  27.77
2005  -2.38   5.70   2.56   5.80  10.07   2.06  10.93   8.27  11.01   9.26   3.79  11.63  11.15   5.68   9.50   9.87   8.40  15.31  21.26  14.06   2.56   5.08   6.25   9.51  15.13
2006   8.42  16.61  17.58  19.40  29.50   7.22  17.45  26.59  23.14  18.31   9.40  11.81  18.42  14.74  21.24   9.22  15.70  11.55  14.18  21.92   8.76  16.67  22.06  23.26  26.88
2007  -3.37  -7.02 -11.81 -10.36 -14.07   4.83   1.75  -1.89  -5.31 -15.73  11.34  13.17   7.94   2.18  -5.45  13.37   6.31  -5.50   0.86 -10.09  12.61  13.13   0.14  -2.96  -0.14
2008 -48.20 -37.85 -38.57 -26.61 -40.63 -40.32 -32.67 -23.77 -23.31 -33.43 -42.85 -32.78 -26.11 -28.70 -18.46 -38.23 -38.79 -49.77 -36.40 -47.24 -34.48 -32.51 -34.96 -55.22 -34.48
2009  39.00  36.87  36.49  18.74  39.05  39.60  40.92  36.03  10.08  24.27  39.64  33.53  31.83  43.39  37.56  41.52  38.54  40.57  37.57  36.53  32.58  23.07  19.79  11.13  32.05
2010  26.43  24.89  32.26  27.24  28.47  30.01  35.86  25.78  22.30  22.98  32.23  35.88  23.82  26.55  22.64  33.54  28.52  23.10  23.05  21.32  13.06  15.40  21.51   8.45   7.18
2011 -19.99 -10.70 -12.87  -7.91  -9.62   0.69  -5.64  -1.13  -1.93  -7.57  -0.28   0.65  -1.17  -1.53  -7.25  -1.35   1.27  -5.10   1.47  -7.81   3.36   7.52   8.36   0.58 -21.11
2012   8.55  22.17  14.88  13.56  27.19  13.60  14.38  15.97  15.54  23.50  18.29  18.96  17.42  20.58  11.11  19.46  18.08  10.30  17.93  21.11  15.01  12.50  11.71  17.30  36.52
2013  49.91  46.32  42.30  50.91  41.88  50.94  36.19  39.44  41.08  45.39  35.90  45.26  37.51  39.58  45.55  38.37  36.81  33.14  39.63  49.45  31.83  31.61  33.31  34.05  40.17
2014  -4.88   8.97   0.06   7.12  -0.48   6.87   8.45   6.74   4.49   1.06  10.87   4.26   4.72   7.64   3.64  14.70   6.76  15.05  12.63   2.94  13.21  13.86  14.97   5.44  13.80
2015 -11.72  -6.45  -8.85  -8.27  -9.37  -4.61   3.31  -3.62  -1.04 -11.88   1.03   2.10  -2.50 -10.10 -12.81  -1.75   3.66  -2.19  -3.49 -10.84   7.55  -0.08  -2.41  -1.35  -7.83
2016   2.70  12.71  24.81  32.87  33.42   6.82  18.88  21.21  33.34  32.41   4.09  14.54  26.62  30.13  36.61   7.88  13.67  23.89  16.94  33.05   5.80  10.47  20.37  19.29  20.19