  1927  23.23
  1928  28.21
  1929  20.73
  1930  25.75
  1931  23.96
  1932 -21.25
  1933  20.04
  1934  17.32
  1935  22.47
  1936   5.89
  1937  -4.36
  1938  -1.69
  1939   0.88
  1940   5.80
  1941   9.14
  1942 -15.52
  1943  14.24
  1944  10.92
  1945  15.55
  1946   5.31
  1947  13.84
  1948  11.86
  1949   0.36
  1950  15.39
  1951  11.62
  1952   9.01
  1953  16.32
  1954  10.34
  1955  14.05
  1956  19.04
  1957   9.90
  1958  -9.56
  1959  19.23
  1960  17.19
  1961  10.75
  1962  11.97
  1963  11.66
  1964   4.66
  1965  20.56
  1966  10.46
  1967  22.48
  1968   2.25
  1969   9.89
  1970  -3.25
  1971   3.55
  1972  15.57
  1973  29.26
  1974   8.32
  1975 -18.88
  1976   7.39
  1977  17.86
  1978  12.06
  1979  27.07
  1980  37.10
  1981  -8.32
  1982  34.69
  1983 -10.14
  1984   9.14
  1985  14.81
  1986   8.38
  1987  -3.68
  1988  -5.46
  1989  28.09
  1990  17.65
  1991  14.77
  1992   3.12
  1993  23.73
  1994   3.19
  1995  17.62
  1996   6.66
  1997  11.96
  1998  23.39
  1999  34.69
  2000  14.98
  2001   4.31
  2002  25.65
  2003 -24.48
  2004  -0.33
  2005  14.95
  2006  -7.74
  2007  21.54
  2008  13.22
  2009 -82.91
  2010   5.68
  2011   7.21
  2012   1.56
  2013   7.94
  2014   1.34
  2015  20.31
  2016 -20.24
