%  Value Weight Returns -- Annual from January to December
%          <= 0   Lo 30  Med 40   Hi 30   Lo 20   Qnt 2   Qnt 3   Qnt 4   Hi 20   Lo 10   Dec 2   Dec 3   Dec 4   Dec 5   Dec 6   Dec 7   Dec 8   Dec 9   Hi 10
  1927  -99.99   35.88   35.54   33.40   32.63   37.77   33.78   32.69   33.73   35.17   31.62   37.96   37.70   17.96   45.58   36.76   30.51   32.05   34.19
  1928  -99.99   43.12   42.25   38.04   48.99   35.92   44.26   40.75   37.87   61.61   44.54   38.16   33.67   39.86   47.40   42.67   39.65   38.77   37.62
  1929  -99.99  -47.01  -28.43  -10.34  -47.66  -37.98  -30.62  -23.44   -9.00  -46.65  -47.97  -46.93  -32.24  -33.95  -28.26  -25.11  -22.66   -8.03   -9.21
  1930  -99.99  -45.44  -36.95  -27.35  -50.13  -41.40  -33.23  -37.17  -26.57  -50.22  -50.12  -42.16  -40.92  -31.96  -34.09  -39.93  -35.70  -37.24  -24.02
  1931  -99.99  -47.78  -45.86  -43.87  -52.34  -44.98  -48.58  -45.62  -43.65  -43.79  -55.09  -44.59  -45.26  -48.83  -48.42  -43.58  -46.71  -51.18  -42.18
  1932  -99.99   -1.60   -7.12   -8.63    4.48   -3.41   -7.58   -0.32   -9.40   28.23   -2.82   -5.33   -2.90  -10.81   -5.60   -8.18    3.86   -2.55  -10.52
  1933  -99.99  149.96  108.72   52.73  170.54  127.57  102.43  102.04   49.72  143.60  182.08  136.64  121.99  108.91   97.92  109.36   98.58   71.50   45.85
  1934  -99.99   24.73   12.51    2.30   29.80   15.52   16.45   10.66    1.57   20.69   33.39   20.55   12.44   14.81   17.47    9.16   11.45    2.43    1.38
  1935  -99.99   68.89   50.07   44.15   71.74   67.90   58.22   38.98   44.59   57.22   76.18   67.26   68.34   51.92   62.06   38.54   39.24   50.63   43.38
  1936  -99.99   57.18   48.97   30.81   75.83   54.57   54.81   34.49   30.74   91.37   69.75   44.45   61.22   55.00   54.36   39.35   31.67   31.76   30.54
  1937  -99.99  -53.50  -46.20  -33.03  -53.32  -51.40  -46.32  -40.51  -32.62  -53.53  -53.20  -53.59  -50.12  -46.53  -46.20  -44.77  -37.96  -37.52  -31.60
  1938  -99.99   28.89   38.43   27.52   16.66   38.21   42.05   37.57   26.70    1.24   22.39   38.54   38.00   40.49   43.22   34.48   39.22   33.66   25.36
  1939  -99.99   -5.64   -0.06    2.99   -4.16   -2.29    3.98   -3.47    3.42   -4.24   -4.27   -6.80    0.51    6.06    2.51   -4.76   -2.75   -6.33    5.43
  1940  -99.99   -7.39   -3.68   -7.39  -14.18   -4.15   -0.51   -7.27   -7.39  -32.12   -7.54   -2.50   -5.08   -3.24    1.51   -6.94   -7.47   -9.15   -7.07
  1941  -99.99   -8.21   -9.62  -10.58  -12.24  -10.39   -9.98   -7.02  -10.87   -6.09  -13.92   -5.40  -13.44  -13.14   -7.71   -7.93   -6.47   -8.70  -11.25
  1942  -99.99   33.84   23.06   15.65   38.96   30.09   22.38   20.53   15.34   62.57   31.65   30.49   29.79   23.77   21.40   21.70   19.83   23.63   13.90
  1943  -99.99   88.53   48.68   25.38  109.98   76.58   48.62   34.25   24.91  141.51   98.18   73.56   78.40   46.30   50.37   39.15   31.47   35.47   22.96
  1944  -99.99   52.36   36.31   18.99   61.35   38.34   38.12   30.41   18.28   70.55   57.65   44.37   34.53   41.38   35.73   34.88   27.75   25.56   16.83
  1945  -99.99   74.86   61.99   34.66   80.01   69.44   55.28   58.82   33.00   95.26   72.88   69.65   69.31   55.04   55.46   67.50   53.34   45.94   30.23
  1946  -99.99  -14.15   -7.52   -5.78  -13.08  -10.14   -8.32   -6.29   -5.77  -15.35  -11.91  -15.31   -6.18   -8.00   -8.56   -7.13   -5.84   -8.32   -5.16
  1947  -99.99   -0.49    0.68    4.06   -1.47   -0.49    0.41   -0.45    4.67   -2.10   -1.16    0.53   -1.23   -3.07    3.05    1.70   -1.86    0.69    5.59
  1948  -99.99   -5.46   -2.83    2.80   -6.16   -3.68   -3.86    0.67    2.86   -1.79   -8.34   -4.84   -2.85   -6.56   -1.89   -1.62    2.19    1.60    3.10
  1949  -99.99   20.82   21.71   20.04   20.94   19.81   22.15   23.48   19.64   27.59   17.72   20.73   19.16   26.96   18.80   22.09   24.37   24.25   18.68
  1950  -99.99   42.89   35.56   29.19   46.54   42.49   35.67   29.81   29.28   52.55   43.46   39.30   44.70   33.19   37.37   32.43   28.17   29.83   29.16
  1951  -99.99    9.91   15.61   21.74    6.36   14.20   13.69   19.88   21.81    3.55    7.88   13.58   14.67   18.14   10.74   18.16   20.98   21.25   21.93
  1952  -99.99    7.71   11.16   14.00    4.98    9.53   10.79   12.17   14.17    1.19    6.94   10.37    8.93   11.06   10.62   12.29   12.08   13.07   14.42
  1953  -99.99   -6.01   -1.42    1.13   -5.48   -4.02   -1.86   -0.34    1.25   -5.85   -5.33   -6.50   -2.32   -1.21   -2.29   -0.64   -0.17    2.01    1.09
  1954  -99.99   60.42   54.97   49.59   63.23   58.10   58.61   54.33   48.91   64.81   62.56   57.70   58.37   59.89   57.74   49.91   57.00   50.29   48.61
  1955  -99.99   22.65   20.36   26.23   24.65   16.83   22.25   18.50   27.07   27.40   23.43   20.63   14.40   22.36   22.17   20.07   17.58   19.27   28.71
  1956  -99.99    7.09    8.86    8.48    4.85    8.79    8.72    7.85    8.60   -0.88    7.52    9.16    8.55    5.98   10.62    9.09    7.06   11.12    8.12
  1957  -99.99  -14.44  -13.59   -9.57  -14.05  -15.08  -14.80  -12.56   -9.27  -15.38  -13.43  -14.79  -15.27  -18.05  -12.59  -11.78  -13.05   -9.53   -9.22
  1958  -99.99   65.81   59.20   43.03   65.59   67.26   59.41   54.77   42.17   68.96   64.08   66.01   68.08   61.42   58.11   56.54   53.67   48.95   40.84
  1959  -99.99   19.39   18.81   12.05   21.95   19.84   20.17   14.77   11.90   12.36   26.63   17.05   21.77   17.57   21.95   16.45   13.74    9.16   12.47
  1960  -99.99   -3.35   -1.41    1.40   -4.46   -2.26   -1.58    2.79    1.07   -3.31   -4.97   -2.31   -2.20   -2.69   -0.80   -0.97    5.15    7.29   -0.18
  1961  -99.99   32.08   29.57   26.59   29.72   31.86   28.56   29.71   26.35   28.87   30.15   34.17   30.29   25.36   30.75   30.48   29.24   25.54   26.52
  1962  -99.99  -11.80  -13.42   -9.15  -11.69  -13.74  -14.81  -12.73   -8.75  -10.71  -12.16  -11.90  -15.00  -16.70  -13.49  -11.43  -13.49   -7.85   -8.93
  1963  -99.99   19.71   16.42   21.83   18.43   18.82   16.80   17.09   22.23   19.08   18.10   22.66   16.11   21.15   13.75   16.20   17.64   21.30   22.41
  1964  -99.99   19.35   17.34   15.88   19.07   16.96   17.55   18.63   15.61   23.25   14.38   19.77   14.78   16.53   18.21   17.99   19.00   13.73   15.98
  1965  -99.99   36.33   31.55   11.82   39.20   37.38   34.43   25.04   10.66   45.60   30.91   30.84   42.41   38.86   31.45   24.73   25.21   19.96    8.81
  1966  -99.99   -6.19   -6.61   -9.20   -6.94   -6.81   -5.35   -4.80   -9.79   -9.62   -3.83   -4.56   -8.44   -5.11   -5.49   -7.51   -3.14   -4.34  -10.97
  1967  -99.99   94.82   51.83   22.37  104.30   74.54   52.44   34.10   21.76  116.85   90.14   76.05   73.24   52.67   52.25   43.89   28.26   21.59   21.80
  1968  -99.99   46.69   24.63   10.19   50.43   32.39   27.47   19.71    9.17   60.12   39.27   39.05   27.12   34.59   21.80   20.00   19.44   17.68    7.28
  1969  -99.99  -28.59  -18.80   -7.59  -31.43  -22.02  -19.56  -14.13   -6.98  -33.10  -29.23  -22.44  -21.74  -18.56  -20.40  -16.61  -12.55  -12.35   -5.71
  1970  -99.99  -14.87   -5.83    2.60  -17.88  -10.10   -6.57    0.44    2.59  -18.86  -16.58   -8.86  -11.10   -7.34   -6.03   -2.86    2.62    4.01    2.28
  1971  -99.99   18.08   22.97   15.10   18.07   23.00   21.03   22.05   14.41   16.72   19.64   18.01   26.86   21.56   20.70   23.61   21.03   13.49   14.63
  1972  -99.99    1.31    9.96   18.66    0.14    6.28    9.91    8.65   20.00    0.32   -0.11    3.63    8.37    8.78   10.71   10.38    7.25   11.08   22.03
  1973  -99.99  -36.86  -30.22  -15.19  -38.23  -34.70  -30.36  -24.47  -14.50  -38.62  -37.03  -33.47  -35.67  -32.07  -29.03  -28.12  -22.15  -20.52  -13.32
  1974  -99.99  -27.66  -29.25  -27.41  -27.39  -27.47  -28.46  -28.62  -27.45  -26.86  -28.41  -28.57  -26.47  -28.97  -28.09  -31.12  -27.12  -25.33  -27.84
  1975  -99.99   57.97   50.63   35.31   59.74   51.91   47.51   49.58   34.11   59.34   60.44   54.06   49.85   47.93   47.39   54.94   46.55   39.34   33.04
  1976  -99.99   48.10   42.18   23.37   49.01   46.18   44.00   35.94   22.11   48.39   50.11   45.77   46.49   48.48   40.46   38.32   34.51   29.20   20.55
  1977  -99.99   24.83    9.88   -6.98   27.59   17.11   12.58    1.98   -7.91   30.71   22.83   18.55   15.92   16.09    9.82    3.93    0.77   -4.23   -8.79
  1978  -99.99   23.00   12.85    6.18   24.92   19.02   13.42    8.14    6.00   28.94   18.96   18.46   19.30   15.56   11.61    9.12    7.53    4.78    6.32
  1979  -99.99   41.61   37.87   18.95   42.40   41.11   37.51   32.18   17.58   44.32   39.73   39.82   42.28   43.86   31.98   36.15   29.71   30.15   14.55
  1980  -99.99   39.42   34.95   32.68   40.18   38.40   32.45   32.06   33.18   41.69   38.19   38.01   38.69   31.18   33.62   36.48   28.96   33.23   33.14
  1981  -99.99   -0.36    3.72   -5.18   -1.70    4.48    3.83    2.83   -6.22   -4.07    1.44    2.56    5.92    5.25    2.68    2.47    3.08   -1.16   -7.57
  1982  -99.99   27.68   27.54   19.39   27.90   27.32   30.34   24.96   18.56   27.43   28.60   27.20   27.46   29.47   31.25   24.02   25.69   16.86   19.07
  1983  -99.99   34.10   27.10   20.39   34.76   31.12   27.33   22.94   20.25   35.23   33.76   32.40   30.11   26.70   27.86   25.01   21.48   20.08   20.32
  1984  -99.99   -8.28   -1.26    7.63  -10.60   -2.39    0.02    0.11    8.41  -14.71   -5.27   -3.14   -1.79    2.41   -1.86   -2.74    2.15    6.81    8.77
  1985  -99.99   31.05   32.76   32.86   29.36   35.77   31.71   32.34   32.92   25.01   34.64   34.58   36.75   34.63   29.33   32.13   32.42   34.26   32.57
  1986  -99.99    4.32   14.75   18.05    3.67    8.32   14.11   17.04   18.30    1.92    5.62    5.48   10.36   10.77   16.69   18.03   16.34   17.91   18.42
  1987  -99.99  -11.98   -1.16    3.77  -14.22   -7.44   -2.44    1.23    4.36  -14.16  -14.22   -7.05   -7.67   -3.76   -1.41    3.71   -0.51    1.82    5.16
  1988  -99.99   21.31   21.40   16.87   18.74   25.05   21.06   20.21   16.56   17.01   21.02   26.04   24.00   21.72   20.45   20.66   19.96   16.56   16.49
  1989  -99.99   13.19   22.46   31.86    9.14   18.62   22.28   26.98   32.33    7.01   11.87   20.15   17.40   22.25   22.25   24.79   28.49   30.32   32.91
  1990  -99.99  -23.52  -13.36   -3.47  -27.28  -18.99  -14.46  -10.72   -2.28  -27.79  -26.88  -17.55  -20.43  -17.13  -12.43   -8.35  -12.21   -7.84   -0.74
  1991  -99.99   47.49   44.20   32.50   49.18   45.57   47.38   40.25   31.49   46.47   50.51   45.17   46.09   51.73   44.29   39.25   40.80   37.85   29.88
  1992  -99.99   19.71   16.87    7.88   21.12   17.87   21.24   14.55    6.79   25.22   17.96   18.04   17.73   20.12   22.02   10.74   16.85   12.82    5.28
  1993  -99.99   19.04   16.31    9.23   19.07   17.65   17.72   16.12    8.20   25.81   13.94   19.09   16.43   21.24   15.26   14.28   17.25   12.24    7.13
  1994  -99.99   -4.56   -1.15    0.75   -5.66   -2.42    0.41   -2.70    1.24   -5.22   -5.90   -2.42   -2.47   -0.09    0.73   -2.38   -2.91   -1.28    1.93
  1995  -99.99   32.77   33.29   38.04   33.88   29.81   30.52   32.67   39.23   32.45   35.47   31.04   28.86   24.46   35.52   38.57   28.55   37.22   39.72
  1996  -99.99   16.89   16.89   22.63   16.57   17.17   13.91   18.58   23.31   14.54   18.26   17.30   16.96   15.53   12.64   21.27   16.85   18.38   24.52
  1997  -99.99   22.05   25.95   33.36   23.66   22.00   25.15   24.46   34.56   22.01   25.24   19.21   24.48   26.76   23.96   27.63   22.42   32.60   35.02
  1998  -99.99   -5.64    2.39   30.14   -7.47   -0.19    0.53    5.80   32.45  -13.53   -1.32   -2.90    2.25    1.12    0.11    4.92    6.10   15.23   36.11
  1999  -99.99   34.38   26.73   21.99   40.51   23.49   23.80   33.72   21.12   38.22   42.63   25.74   21.24   36.42   14.91   32.46   34.31   17.43   21.72
  2000  -99.99   -5.31   -3.59   -9.12   -6.42   -6.67   -5.46    4.38  -10.18   -9.74   -3.68   -4.40   -8.32   -7.59   -3.70    0.49    6.80    5.17  -12.34
  2001  -99.99   23.33    1.54  -12.94   29.27   11.86    0.13   -1.46  -13.62   32.45   26.83   16.13    8.87    1.65   -1.16    0.87   -2.73   -6.76  -14.73
  2002  -99.99  -15.55  -18.20  -22.11  -11.92  -20.56  -18.28  -17.79  -22.38   -3.63  -17.90  -20.13  -20.99  -19.48  -17.31  -16.51  -18.53  -16.67  -23.40
  2003  -99.99   66.22   45.58   28.05   75.52   50.25   44.17   42.02   27.11   91.97   62.13   51.47   49.31   46.75   42.10   45.68   39.84   34.83   25.63
  2004  -99.99   17.49   19.64   10.51   14.54   21.49   17.72   17.90   10.07   17.17   12.06   23.42   19.97   18.39   17.16   21.97   15.43   22.10    7.73
  2005  -99.99    5.03   10.68    5.52    3.16    8.19    8.45   12.30    5.03    3.76    2.60    8.76    7.57    4.62   11.53   14.93   10.56   13.35    3.27
  2006  -99.99   19.24   14.01   15.38   17.60   17.80   15.00   13.64   15.50   18.54   16.75   22.37   13.92   15.92   14.29   12.73   14.16   14.08   15.82
  2007  -99.99   -6.47    4.82    6.86   -8.06   -2.40    7.83    3.79    7.15   -8.77   -7.31   -3.29   -1.64    8.16    7.56    3.82    3.77   10.15    6.48
  2008  -99.99  -37.86  -34.85  -36.90  -39.95  -31.41  -31.79  -40.64  -36.60  -43.71  -36.95  -34.04  -29.36  -35.99  -28.60  -41.40  -40.17  -41.96  -35.51
  2009  -99.99   36.23   37.16   27.40   36.38   32.98   36.32   40.46   26.40   44.99   30.12   35.22   31.06   38.16   35.15   41.79   39.70   37.61   24.25
  2010  -99.99   29.17   27.25   15.22   29.35   27.52   29.67   27.47   13.94   27.53   30.94   29.21   26.11   30.19   29.32   24.32   29.24   22.57   12.13
  2011  -99.99   -9.51   -0.98    1.58  -12.13   -3.63   -0.65   -1.28    1.86  -14.57  -10.00   -5.79   -1.93   -4.39    2.20   -1.22   -1.36   -2.60    2.92
  2012  -99.99   17.86   16.65   16.27   16.88   15.82   18.36   16.79   16.19   18.51   15.34   19.47   13.72   20.53   16.43   16.28   17.09   16.10   16.21
  2013  -99.99   47.19   42.38   33.45   47.27   42.84   42.12   39.01   33.20   49.51   45.40   47.17   40.17   40.10   43.76   43.79   36.16   36.93   32.37
  2014  -99.99    3.60    5.76   13.05    1.27    5.50    6.28   10.84   12.92    1.18    1.35    6.41    4.78    5.28    7.11    5.62   14.53   14.60   12.53
  2015  -99.99   -5.74   -4.16    0.90   -8.77   -4.07   -4.56   -1.18    0.93   -9.30   -8.08   -2.39   -5.47   -5.85   -3.66   -3.38    0.35   -3.77    1.94
  2016  -99.99   24.13   18.62   11.64   22.89   21.46   19.74   15.55   11.41   17.14   27.14   25.30   18.58   22.02   17.97   17.27   14.36   17.11   10.27
