%  Value Weight Returns -- Annual from January to December
%          <= 0   Lo 30  Med 40   Hi 30   Lo 20   Qnt 2   Qnt 3   Qnt 4   Hi 20   Lo 10   Dec 2   Dec 3   Dec 4   Dec 5   Dec 6   Dec 7   Dec 8   Dec 9   Hi 10
  1927   13.99   43.98   23.33   34.32   44.93   31.18   23.05   26.90   40.66   57.86   25.65   42.67   20.61   20.33   25.87   27.42   27.77   38.24   48.27
  1928   88.57   46.31   31.63   35.14   49.22   38.15   34.70   22.67   35.97   48.57   53.03   39.37   37.89   46.45   25.79   14.41   34.09   37.52   25.72
  1929  -53.50  -19.86   -1.43   -9.61  -21.87   -9.57   -2.41   -3.50  -11.49  -26.86   -9.00  -13.38   -6.45    0.10   -1.98   -0.28   -8.17   -8.04  -26.61
  1930  -74.10  -26.09  -29.19  -43.59  -26.10  -27.19  -27.84  -39.05  -51.16  -29.12  -20.56  -25.99  -28.58  -25.16  -35.27  -38.51  -40.73  -50.49  -56.32
  1931  -74.64  -36.17  -59.94  -54.90  -36.18  -44.51  -62.75  -59.64  -52.96  -37.53  -33.93  -35.73  -54.85  -60.94  -63.33  -62.86  -55.24  -52.32  -55.62
  1932   10.90   -6.70  -16.72    1.19  -10.80   -1.36  -14.61   -8.05   18.00  -14.33   -4.57   10.87  -20.80  -10.81  -20.07   -7.28   -8.51   22.20    3.45
  1933   95.83   44.51   90.51  123.42   39.65   70.72   85.33  105.53  133.70   45.78   28.58   63.46   98.39   82.78   87.94   94.65  120.86  123.47  151.89
  1934   -0.01    8.77   -1.14  -14.57   11.02    3.41   -3.41  -10.86  -22.48   13.03   11.78    3.06    5.37   -7.60    3.94  -14.42   -7.92  -26.30  -12.89
  1935   52.70   43.57   48.36   50.64   44.14   45.60   45.78   38.96   46.39   36.02   55.87   40.13   49.80   35.39   65.34   33.93   52.10   52.49   34.52
  1936   80.38   26.68   38.28   50.33   27.54   25.89   36.93   58.45   42.05   24.06   29.52   20.82   27.43   29.08   54.11   59.28   58.73   39.12   49.75
  1937  -49.01  -34.85  -31.66  -42.31  -33.95  -37.62  -29.48  -37.61  -41.44  -32.54  -35.95  -38.13  -37.27  -36.45  -22.39  -32.99  -41.69  -35.69  -57.27
  1938  -16.62   34.19   21.62   27.59   35.87   28.22   19.27   26.90   27.67   30.48   43.33   30.87   24.79   29.12   10.59   25.58   28.29   28.80   23.85
  1939  -43.66    7.74   -3.60  -11.71    5.14    3.95    0.42   -6.65  -13.85    6.62    2.87   13.44   -6.72    1.61   -1.00   -4.68  -10.17  -10.22  -20.98
  1940  -32.96  -10.04   -3.07   -5.57   -9.83   -5.50   -4.31   -3.53   -9.44   -9.28  -10.07  -11.09   -1.68   -5.25   -0.65   -4.40   -0.99    0.44  -26.21
  1941   -3.11  -13.99   -4.20   -3.74  -12.27  -13.98   -1.70   -6.40   -0.42  -12.48  -11.74  -17.76   -6.68   -3.05   -5.23   -4.81   -5.72    1.10    0.82
  1942   11.39   14.29   16.58   34.59   16.49   12.23   14.28   26.40   39.41   14.35   21.75    9.11   17.27   16.87   12.82   20.95   31.86   27.26   51.46
  1943   26.65   21.06   35.10   51.03   17.89   28.81   38.59   39.30   63.07   14.37   24.90   27.83   29.32   41.78   33.92   38.45   40.91   63.91   61.72
  1944  -99.99   16.15   23.73   41.36   16.89   16.64   24.23   29.80   56.46   15.91   19.63   14.91   20.60   23.93   24.76   30.58   29.01   49.93   69.10
  1945  -99.99   33.37   40.28   52.66   33.52   34.24   40.50   48.71   54.98   30.80   40.53   32.08   36.53   41.20   39.41   48.86   48.34   49.12   66.64
  1946  -99.99   -9.70   -1.81   -7.49   -9.53   -6.81   -2.31   -0.24  -10.91   -9.11  -10.07   -9.98   -3.84   -5.01   -2.33    0.14   -0.68   -5.37  -18.44
  1947   17.74    2.73    3.77    8.36    3.07    3.66   -0.67    8.75    7.14   -0.50    7.05    1.21    5.21    2.52   -2.22    7.62   10.86   10.43    1.94
  1948   18.62    2.81    0.89    3.82    2.42    1.60    4.00   -4.36    4.22    2.83    1.95    4.69   -0.65    5.22    0.65   -8.56    0.85    5.50    2.38
  1949   80.60   23.37   16.46   18.39   26.05   13.53   18.96   19.35   17.97   27.38   24.18   16.10   12.07   16.46   22.78   17.85   20.64   14.54   20.15
  1950   64.29   23.52   31.14   55.86   25.08   21.06   36.11   46.27   55.49   23.83   26.94   18.98   22.68   34.00   37.85   40.10   50.45   50.88   63.82
  1951  -39.13   20.23   24.54   13.19   20.48   19.08   30.01   17.27   12.96   20.71   21.08   18.93   20.14   35.74   20.43   19.75   13.98   16.88    8.28
  1952  -10.05   13.00   13.16   18.13   12.56   16.16   11.26   14.63   19.83   14.32    9.82   14.71   18.52   12.91    9.31   12.88   16.17    5.08   32.09
  1953  -42.86    2.31    0.29   -7.56    3.70   -0.56    1.04   -4.85  -11.16    4.14    2.82   -1.24    0.08    3.75   -2.07   -7.30   -2.80   -7.19  -14.55
  1954   79.03   47.19   50.07   74.66   47.93   43.25   60.71   68.71   68.72   52.28   38.77   45.27   41.16   58.55   62.71   55.94   81.94   65.87   70.37
  1955  -21.47   27.14   22.63   28.50   28.76   24.15   22.23   27.51   21.57   32.15   20.87   21.85   25.96   20.59   24.75   18.86   35.81   24.85   18.53
  1956   15.95    6.32   13.66    4.85    5.64   12.20   14.27    9.23    1.87    3.72    9.11   10.06   14.24   20.34   10.00    9.62    8.11    5.29   -0.93
  1957  -27.03   -9.05   -8.48  -21.34   -8.77  -10.39   -6.26  -20.56  -21.08  -10.34   -5.80  -11.31   -8.03   -9.05   -4.10  -20.22  -20.92  -16.27  -26.31
  1958   27.96   41.69   46.26   72.84   41.60   41.21   50.34   50.60   77.24   45.84   37.55   41.12   41.48   59.37   37.00   38.38   67.06   76.09   78.14
  1959   72.30   13.10   11.13   18.39   16.26    6.97   11.16   11.82   17.42   24.09    6.17    2.84   13.42   11.16   11.30    5.25   19.70   14.49   20.16
  1960    2.67   -2.49    8.80   -7.72   -1.94   -1.06   13.91   -3.86   -9.63   -3.92    3.69   -3.57    2.72   17.34    1.30   -2.28   -5.48   -5.29  -17.12
  1961   25.67   26.16   27.22   29.75   23.58   30.95   26.78   28.87   28.82   22.79   25.37   30.57   29.44   25.23   29.92   26.69   30.50   24.22   32.06
  1962  -10.57  -10.92   -6.40   -4.53  -15.20   -7.27   -3.64   -8.88   -4.81  -16.99   -7.60   -5.32   -9.78  -11.00    2.51  -12.60   -4.88   -5.07   -4.17
  1963   19.51   21.65   17.10   31.54   21.52   17.32   19.15   27.18   32.22   18.99   25.70   22.25   12.68   17.24   20.83   24.97   29.59   28.91   35.97
  1964  -13.05   14.29   19.71   20.19   16.22   13.12   20.51   21.32   20.14   14.37   19.81    9.41   18.13   22.88   17.89   21.87   20.54   17.47   25.99
  1965  218.93   15.12    9.72   26.93   17.13    4.48   16.93   21.96   27.91   19.86   10.53    8.46    0.98   12.33   21.78   20.51   23.79   22.55   38.18
  1966  -22.10  -10.66   -5.52   -9.50  -10.49  -10.46   -3.37   -3.33  -11.59   -8.59  -14.24  -11.21   -9.56   -9.57    2.61   -1.38   -6.34   -9.57  -13.14
  1967  141.01   30.79   19.39   39.98   33.27   22.45   15.02   36.48   39.58   39.89   22.66   21.71   22.98   12.47   17.30   33.36   41.16   39.64   38.75
  1968   11.68    5.58   17.50   31.33    4.90    9.78   17.89   25.73   33.28    1.85   10.45    8.39   12.50   13.30   23.63   23.65   31.14   36.45   30.69
  1969  -39.79   -0.10  -17.41  -17.72    3.26  -13.22  -13.08  -18.64  -20.72    7.19   -5.91   -9.48  -19.50  -11.79  -14.61  -24.02  -15.81  -17.73  -25.13
  1970  -15.28   -7.38    6.64   10.23  -10.91    0.94    4.40   13.43    9.24  -13.11   -5.76    4.31   -3.41    5.63    2.51   13.98   12.49   11.09    6.89
  1971   11.60   25.08    6.98   13.74   25.37   15.37    7.32    6.29   18.27   25.37   25.61   23.25   10.36   10.41    3.80    4.95    8.98   18.36   17.93
  1972   12.00   20.45   10.64   17.41   22.28    9.58    9.73   17.32   10.57   26.71   15.39   10.62    9.41    5.13   13.59   13.65   19.73   11.04   10.01
  1973  -23.65  -23.10  -11.52   -8.09  -22.60  -20.71  -11.50   -9.02  -10.27  -22.53  -23.11  -25.39  -13.23  -18.80   -7.00   -9.93  -10.19  -14.96   -3.73
  1974  -44.50  -29.31  -23.36  -22.87  -31.09  -23.61  -21.64  -21.99  -24.61  -32.99  -25.74  -20.37  -27.58  -22.03  -21.31  -22.02  -21.00  -25.67  -23.69
  1975   42.01   35.21   43.31   54.84   32.70   49.07   34.00   55.98   47.70   31.16   36.19   44.78   56.40   30.79   42.07   50.00   63.23   48.87   47.04
  1976   82.87   18.12   41.62   50.36   14.03   34.59   43.50   43.26   56.48   11.00   21.03   32.85   37.71   45.01   41.28   43.42   43.47   51.65   64.09
  1977   22.49   -7.74    1.00    8.53   -8.54   -4.48    2.60    4.28   10.78   -9.13   -6.76   -5.62   -2.85    2.40    3.07    2.62    6.47   12.78    7.91
  1978    3.43    7.68    8.53    9.85    7.70    5.87   11.27    6.35   12.27   11.23    2.01    7.72    4.10   13.52    9.61    5.95    7.23   11.55   13.30
  1979   46.72   19.39   24.91   26.50   16.03   31.91   20.57   27.14   28.57   10.89   24.91   30.21   33.65   23.62   17.93   30.17   23.78   26.83   32.15
  1980   11.73   37.35   36.05   17.28   39.58   38.71   39.03   18.50   17.63   42.09   35.84   33.74   45.85   43.07   34.27   18.99   17.95   19.09   14.82
  1981   31.32   -8.08   -4.99   14.62   -8.40   -5.91  -10.43    8.71   17.54  -14.03   -1.71   -7.16   -4.17  -15.90   -1.84    7.54   10.18   19.32   11.20
  1982   85.40   21.61   19.76   29.29   21.31   18.28   20.93   26.47   30.82   12.87   29.14   22.06   13.36   18.83   23.81   24.75   28.66   25.98   41.51
  1983   50.60   15.39   27.19   29.98   16.45   19.16   26.87   27.56   31.99   13.93   21.44   12.92   28.08   26.00   27.31   26.78   28.37   26.09   43.44
  1984  -13.74   -2.94    5.35   15.00   -4.52    4.65    4.52    7.38   19.13   -8.11    1.09    2.18    8.15   -0.91    9.69    4.68    9.33   16.51   22.14
  1985   25.36   32.06   32.96   31.76   30.94   35.02   34.56   30.13   32.71   28.64   34.22   35.64   34.69   42.68   28.59   30.52   29.92   34.75   29.07
  1986    9.43   13.05   18.73   20.80   12.22   18.74   15.02   18.89   23.83    9.33   15.28   15.77   22.85   12.75   17.61   21.97   14.95   25.67   19.17
  1987  -10.01    4.94    2.15   -2.63    5.27    1.52   -0.19    2.37   -0.94    1.26    9.32    3.87   -0.33    0.78   -1.22    8.77   -5.77   -2.59    1.60
  1988   12.96   12.92   19.10   26.48   10.97   18.23   18.27   22.07   29.38    9.58   12.47   19.30   17.56   18.05   18.50   22.60   20.66   26.87   33.08
  1989   31.64   34.25   24.74   28.34   33.75   24.61   27.99   30.27   28.58   35.76   30.90   35.48   13.26   26.69   29.38   32.27   28.17   28.56   27.95
  1990  -27.61   -0.77   -6.91  -14.90    2.59   -3.92   -6.99  -15.49  -16.70    6.37   -3.33   -8.22    2.19   -2.47  -12.07  -18.31  -12.10   -9.27  -28.92
  1991   45.35   43.68   24.31   29.19   49.57   23.67   22.82   34.90   30.39   55.85   35.43   26.07   20.67   22.67   23.04   42.46   28.24   33.02   27.51
  1992    8.86    6.23   10.55   25.85    2.93   16.06   12.40   12.02   31.76   -1.00   13.48   17.93   13.66   11.76   13.19    4.63   21.16   26.66   41.06
  1993   41.38    1.76   17.37   22.89   -2.14   14.81   17.00   16.95   30.39   -5.59    4.91   13.56   16.87   15.00   20.03   18.81   14.65   23.91   37.85
  1994   -8.19    1.38    1.62   -5.56    2.37   -1.25    3.78   -3.53   -5.15    1.62    3.50   -2.41    0.53   -0.92    7.71   -1.48   -6.22   -4.77   -4.87
  1995   22.92   36.34   35.90   41.23   38.35   34.26   34.52   39.15   39.21   36.34   40.93   29.12   39.33   35.17   34.68   34.14   43.69   39.16   40.78
  1996    5.14   21.60   23.10   21.23   21.31   21.02   24.72   23.18   20.20   20.85   21.79   22.67   19.69   20.03   30.59   23.50   22.82   20.79   19.54
  1997   20.30   30.49   31.81   36.57   30.01   29.87   34.58   35.03   33.98   31.75   28.53   30.75   29.21   31.53   38.89   30.95   40.88   36.23   31.09
  1998   25.90   37.23    5.00   16.49   41.54   15.19    4.01   11.47   21.82   41.77   41.29   24.55    1.12    2.70    4.89   14.38    6.82   16.35   28.28
  1999   47.81   27.41    7.46    3.99   28.21   17.66    5.62   -0.05    6.40   31.07   20.33   19.22   14.60    5.66    5.52   -0.65    0.49    4.95    9.11
  2000  -35.22  -13.67   18.35   20.09  -14.69    6.80   14.54   24.05   15.14  -21.02    3.24   -1.32   21.26    8.99   24.40   22.70   25.81   18.14    6.67
  2001  -11.67  -14.35    1.03    8.10  -15.65   -3.15    4.56   -0.29   13.95  -18.69   -9.40   -3.56   -2.56    8.57   -1.10   -1.51    1.94   15.22   10.96
  2002   -9.37  -23.48  -13.02  -22.73  -24.51  -15.76  -11.89  -11.79  -30.23  -24.23  -26.04  -15.89  -15.75   -8.47  -15.94  -10.21  -12.51  -35.02  -17.75
  2003   84.84   28.07   35.44   35.56   27.34   33.20   35.88   30.06   48.69   22.63   35.27   31.63   34.78   34.93   35.39   35.98   26.26   44.28   59.56
  2004    7.82    8.59   14.62   20.00    7.35   13.43   15.76   15.79   25.85    6.36    8.46   13.90   13.03   18.13   13.25   18.94   14.94   30.35   16.66
  2005    4.65    4.24    7.11   11.64    3.19    6.09    7.55   10.77   13.74    3.92    2.23    8.56    3.42    5.88    9.51   12.33    9.00   16.69    7.37
  2006   20.65   10.93   19.34   23.65    8.79   16.29   20.60   21.41   25.07    9.26    8.29   16.53   16.29   19.47   21.72   20.79   22.15   26.16   20.80
  2007   -2.26   12.15    0.65   -1.66   11.96   11.60   -0.20   -2.72   -3.92   15.40    8.44   12.62    9.53   -1.97    2.40   -7.35    1.88   -4.47    1.41
  2008  -41.02  -34.31  -39.20  -38.25  -35.51  -33.25  -35.55  -48.24  -35.84  -41.26  -29.02  -31.19  -35.55  -35.24  -34.31  -55.48  -40.75  -31.29  -46.73
  2009   58.83   32.01   24.22   21.50   33.93   25.61   23.78   18.30   33.99   43.00   25.27   28.37   22.41   25.25   22.75   29.28    9.57   37.82   30.08
  2010   36.45   16.16   21.74   10.88   15.93   19.13   22.45   13.16   14.39   18.55   13.16   16.46   22.11   18.58   26.44   19.06    7.39   16.69   12.95
  2011   -6.60    3.23    4.17  -10.00    2.08    5.98    4.40    0.20  -16.54    6.41   -2.95    6.06    6.38    3.79    5.53    1.90   -1.53   -3.00  -30.58
  2012   14.71   15.14   12.80   28.34   15.49   13.44   12.12   18.06   30.69   18.58   11.58   13.90   13.45   11.52   12.41   12.69   23.94   20.96   38.64
  2013   45.17   34.05   33.03   40.36   33.38   33.05   34.04   35.96   42.05   28.70   39.73   34.83   30.15   36.02   31.61   34.44   36.72   35.48   46.75
  2014   15.40   13.22   10.85   10.73   12.89   12.43   13.76    6.57   11.27   11.03   13.86   13.56   10.35   14.62   13.27    3.87    9.54   14.04    8.04
  2015   -2.28    4.38   -1.12   -8.10    5.93    0.41   -3.01   -2.13   -9.05   11.78   -0.58    2.24   -1.61   -3.40   -2.57    3.10   -7.47   -8.17  -10.39
  2016   12.60    8.53   14.55   27.18    5.89   11.21   21.32   21.13   24.30    2.02   10.50   15.02    6.92   20.14   22.53   15.75   28.15   23.83   27.55